iso3,iso2,admin1_id,admin2_id,iu_id,location,site_id,longitude,latitude,georeliability,location_type,survey_type,year,age_start,age_end,hk_examined,hk_positive,hk_perc_highinfection,hk_perc_moderateinfection,asc_examined,asc_positive,asc_perc_highinfection,asc_perc_moderateinfection,tt_examined,tt_positive,tt_perc_highinfection,tt_perc_moderateinfection,sth_examined,sth_positive,quality,sn
MDG,MG,2864.0,0.0,27853.0,agnalarajy,12950.0,49.86160333,-16.981015,3,,,2015.0,,,50.0,2.0,,,50.0,15,,,50.0,40.0,,,50.0,43.0,1,8809
MDG,MG,2881.0,0.0,27936.0,alatsinainy,55159.0,46.736698,-19.643499,3,,,1995.0,,,121.0,2.0,,,121.0,76,,,121.0,8.0,,,,,3,9088
MDG,MG,2863.0,0.0,27842.0,alatsinainy,12780.0,47.679829,-19.32358,1,,,2015.0,,,50.0,0.0,,,50.0,11,,,50.0,2.0,,,50.0,13.0,1,8796
MDG,MG,2871.0,0.0,27889.0,ambalabe/befanjava,12885.0,46.95271167,-15.77795,3,,,2015.0,,,50.0,0.0,,,50.0,1,,,50.0,0.0,,,50.0,1.0,1,8914
MDG,MG,2881.0,0.0,27936.0,ambalafeno,55160.0,46.6666669,-20.116667,1,,,1995.0,,,78.0,0.0,,,78.0,63,,,78.0,4.0,,,,,3,9076
MDG,MG,2874.0,0.0,27900.0,ambalakindresy,,47.332001,-21.166,3,,,1990.0,1.0,10.0,96.0,0.0,,,96.0,75,,,96.0,31.0,,,0.0,0.0,3,29173
MDG,MG,2872.0,0.0,27894.0,ambalanjanakomby,55248.0,47.0753348,-16.6980043,1,,,1996.0,,,104.0,61.0,,,104.0,18,,,104.0,7.0,,,,,3,8929
MDG,MG,2880.0,0.0,27929.0,ambalavelona,104155.0,47.5833333,-16.1999999,3,,,2015.0,10.0,0.0,50.0,0.0,,,50.0,0,,,50.0,0.0,,,50.0,0.0,1,859
MDG,MG,2871.0,0.0,27887.0,ambaliha,104015.0,46.0,-17.45,1,,,2015.0,10.0,0.0,50.0,0.0,,,50.0,0,,,50.0,0.0,,,50.0,0.0,1,828
MDG,MG,2871.0,0.0,27887.0,ambaliha,104020.0,46.0,-17.45,1,,,,,,50.0,0.0,,,50.0,0,,,50.0,0.0,,,0.0,0.0,3,825
MDG,MG,2879.0,0.0,27922.0,ambanifaho,12815.0,50.28308833,-14.91431667,3,,,2015.0,,,50.0,2.0,,,50.0,31,,,50.0,43.0,,,50.0,48.0,1,9019
MDG,MG,2880.0,0.0,27931.0,ambanjabe,104200.0,47.703911,-15.64412,1,,,2015.0,9.0,0.0,50.0,15.0,,,50.0,0,,,50.0,0.0,,,50.0,15.0,1,872
MDG,MG,2870.0,0.0,27884.0,ambanjabe ouest,12875.0,46.04979167,-17.50399167,3,,,2015.0,,,50.0,0.0,,,50.0,0,,,50.0,0.0,,,50.0,0.0,1,8892
MDG,MG,2880.0,0.0,27925.0,ambarijiby sud,104040.0,47.680099,-14.93211,1,,,2015.0,9.0,0.0,50.0,10.0,,,50.0,0,,,50.0,2.0,,,50.0,12.0,1,831
MDG,MG,2871.0,0.0,27890.0,ambatobe,,,,99,,,2014.0,10.0,14.0,43.0,1.0,0.0,0.0,50.0,0,0.0,0.0,50.0,0.0,0.0,0.0,50.0,1.0,1,26289
MDG,MG,2876.0,0.0,27908.0,ambatomainty,12830.0,46.683333,-18.816667,1,,,2015.0,,,50.0,0.0,,,50.0,6,,,50.0,2.0,,,50.0,7.0,1,8962
MDG,MG,2872.0,0.0,27893.0,ambatomainty sud,12865.0,46.113392,-18.9743,1,,,2015.0,,,50.0,5.0,,,50.0,3,,,50.0,2.0,,,50.0,8.0,1,8927
MDG,MG,2867.0,0.0,27863.0,ambatomanambahitse,,44.9797424,-24.568543,3,,sentinel site,2015.0,7.0,10.0,55.0,0.0,0.0,0.0,55.0,0,0.0,0.0,55.0,1.0,0.0,0.0,55.0,1.0,1,26248
MDG,MG,2867.0,0.0,27863.0,ambatomanambahitse,,44.9797424,-24.568543,3,,sentinel site,2017.0,7.0,10.0,60.0,0.0,0.0,0.0,60.0,0,0.0,0.0,60.0,0.0,0.0,0.0,60.0,0.0,1,26249
MDG,MG,2872.0,0.0,27894.0,ambatomandondona,,45.77566667,-18.98186111,3,,mapping,2015.0,9.0,13.0,50.0,0.0,0.0,0.0,50.0,1,0.0,0.0,50.0,2.0,0.0,0.0,50.0,3.0,1,26300
MDG,MG,2881.0,0.0,27946.0,ambatomanga,55212.0,47.533333,-19.7,1,,,1995.0,,,158.0,24.0,,,158.0,66,,,158.0,8.0,,,,,3,9113
MDG,MG,2881.0,0.0,27936.0,ambatomaroanaka,55161.0,46.722099,-19.9216,3,,,1995.0,,,12.0,0.0,,,12.0,9,,,12.0,1.0,,,,,3,9057
MDG,MG,2876.0,0.0,27910.0,ambatomboro,,46.76669444,-19.05561111,3,,mapping,2015.0,10.0,14.0,49.0,0.0,0.0,0.0,49.0,10,0.0,0.0204,49.0,2.0,0.0,0.0,49.0,12.0,1,26315
MDG,MG,2864.0,0.0,27853.0,ambatorao,12951.0,49.97192833,-16.76881167,3,,,2015.0,,,50.0,1.0,,,50.0,36,,,50.0,48.0,,,50.0,49.0,1,8813
MDG,MG,,,0.0,ambatosoratra,,48.5167,-17.6167,4,,,1982.0,0.0,99.0,84.0,0.0,,,84.0,73,,,84.0,28.0,,,0.0,0.0,3,29499
MDG,MG,2881.0,0.0,27936.0,ambatotsara,55162.0,46.6693,-19.610001,3,,,1995.0,,,36.0,0.0,,,36.0,23,,,36.0,2.0,,,,,3,9091
MDG,MG,2881.0,0.0,27946.0,ambatotsipihina,12905.0,47.75,-19.633333,1,,,2015.0,,,50.0,0.0,,,50.0,0,,,50.0,0.0,,,50.0,0.0,1,9118
MDG,MG,2869.0,0.0,27880.0,ambinanisahanaho,12920.0,48.1666667,-20.0666666,3,,,2015.0,,,50.0,9.0,,,50.0,25,,,50.0,33.0,,,50.0,42.0,1,8874
MDG,MG,2869.0,0.0,27877.0,ambinanizana,12820.0,48.31667,-19.48768,1,,,2015.0,,,50.0,0.0,,,50.0,28,,,50.0,15.0,,,50.0,33.0,1,8865
MDG,MG,2878.0,0.0,27917.0,ambinda,,44.76141667,-20.71186111,3,,mapping,2014.0,5.0,15.0,50.0,2.0,0.0,0.0,50.0,0,0.0,0.0,50.0,0.0,0.0,0.0,50.0,2.0,1,26326
MDG,MG,2880.0,0.0,27925.0,ambinda,104041.0,47.3175809,-15.68112,1,,,2015.0,10.0,0.0,50.0,19.0,,,50.0,0,,,50.0,1.0,,,50.0,19.0,1,832
MDG,MG,2866.0,0.0,27860.0,amboasary centre,12775.0,46.3840668,-25.040977,2,,,2015.0,,,50.0,1.0,,,50.0,2,,,50.0,19.0,,,50.0,20.0,1,8828
MDG,MG,2881.0,0.0,27946.0,amboassary,55213.0,46.409801,-19.518101,3,,,1995.0,,,93.0,9.0,,,93.0,29,,,93.0,7.0,,,,,3,9108
MDG,MG,2876.0,0.0,27909.0,ambodiamontana,55227.0,46.935398,-18.9856,3,,,1996.0,,,53.0,2.0,,,53.0,34,,,53.0,6.0,,,,,3,8967
MDG,MG,2879.0,0.0,27921.0,ambodiangezoka sud,104045.0,49.744431,-14.99083,1,,,2015.0,10.0,0.0,50.0,1.0,,,50.0,35,,,50.0,48.0,,,50.0,49.0,1,836
MDG,MG,2882.0,0.0,0.0,ambodiaviavy,,47.481,-21.25,4,,,1990.0,1.0,10.0,60.0,4.0,,,60.0,36,,,60.0,27.0,,,0.0,0.0,3,29655
MDG,MG,2871.0,0.0,27889.0,ambodimanga,12886.0,46.7,-16.05,1,,,2015.0,,,50.0,2.0,,,50.0,2,,,50.0,1.0,,,50.0,4.0,1,8912
MDG,MG,2861.0,0.0,27837.0,ambodinifody,12935.0,48.04257,-18.88474,3,,,2015.0,,,50.0,5.0,,,50.0,17,,,50.0,22.0,,,50.0,29.0,1,8790
MDG,MG,2869.0,0.0,27877.0,ambodinonoka,12821.0,47.80843,-20.3601889,1,,,2015.0,,,50.0,4.0,,,50.0,23,,,50.0,27.0,,,50.0,41.0,1,8862
MDG,MG,2879.0,0.0,27921.0,ambodipont,12791.0,49.55161167,-14.64319833,3,,,2015.0,,,50.0,12.0,,,50.0,40,,,50.0,46.0,,,50.0,49.0,1,9013
MDG,MG,2880.0,0.0,27929.0,ambodirafia,,47.4096218,-16.2652248,3,,sentinel site,2015.0,7.0,10.0,80.0,3.0,0.0,0.0,80.0,5,0.0,0.0,80.0,0.0,0.0,0.0,80.0,8.0,1,26346
MDG,MG,2880.0,0.0,27929.0,ambodirafia,,47.4096218,-16.2652248,3,,sentinel site,2017.0,7.0,10.0,80.0,0.0,0.0,0.0,80.0,0,0.0,0.0,80.0,1.0,0.0,0.0,80.0,1.0,1,26347
MDG,MG,2869.0,0.0,27882.0,ambodisaina,12975.0,49.36483333,-18.140645,3,,,2015.0,,,50.0,5.0,,,50.0,36,,,50.0,43.0,,,50.0,45.0,1,8883
MDG,MG,2879.0,0.0,27924.0,ambodisakoa,104258.0,49.733333,-13.566667,1,,,2015.0,10.0,0.0,50.0,0.0,,,50.0,4,,,50.0,5.0,,,50.0,9.0,1,882
MDG,MG,2880.0,0.0,27930.0,ambodisatrana manjola,12910.0,48.616667,-15.35,1,,,2015.0,,,50.0,0.0,,,50.0,3,,,50.0,0.0,,,50.0,3.0,1,9048
MDG,MG,2874.0,0.0,27901.0,amboditanimena,55146.0,47.0966337,-21.4664648,1,,,1990.0,,,53.0,0.0,,,53.0,35,,,53.0,7.0,,,,,3,8952
MDG,MG,2874.0,0.0,27900.0,amboditanimena,,47.366001,-21.198999,3,,,1990.0,1.0,10.0,53.0,0.0,,,53.0,35,,,53.0,7.0,,,0.0,0.0,3,30595
MDG,MG,2869.0,0.0,27883.0,amboditavolo,12993.0,48.881321,-19.180861,1,,,2015.0,,,50.0,8.0,,,50.0,15,,,50.0,28.0,,,50.0,34.0,1,8886
MDG,MG,2869.0,0.0,27877.0,ambodivandrika,12822.0,48.5833333,-19.4499999,3,,,2015.0,,,50.0,15.0,,,50.0,15,,,50.0,13.0,,,50.0,31.0,1,8866
MDG,MG,2879.0,0.0,27923.0,ambodivoara,12955.0,49.828289,-13.61892,1,,,2015.0,,,50.0,0.0,,,50.0,38,,,50.0,30.0,,,50.0,43.0,1,9026
MDG,MG,2878.0,0.0,27917.0,ambohibary,55207.0,44.75,-19.7333329,1,,,1998.0,,,27.0,7.0,,,27.0,2,,,27.0,3.0,,,,,3,9003
MDG,MG,2863.0,0.0,27844.0,ambohibary,12800.0,47.94510667,-18.513165,3,,,2015.0,,,50.0,3.0,,,50.0,36,,,50.0,12.0,,,50.0,39.0,1,8800
MDG,MG,2872.0,0.0,27894.0,ambohibary kofay,,46.17358333,-18.74619444,3,,mapping,2015.0,10.0,14.0,50.0,0.0,0.0,0.0,50.0,1,0.0,0.0,50.0,0.0,0.0,0.0,50.0,1.0,1,26301
MDG,MG,2864.0,0.0,27855.0,ambohibe,12998.0,49.11885,-17.43823,3,,,2015.0,,,50.0,5.0,,,50.0,34,,,50.0,46.0,,,50.0,50.0,1,8822
MDG,MG,2877.0,0.0,27913.0,ambohibengy,,45.0101237,-16.7964373,3,,sentinel site,2015.0,7.0,10.0,49.0,0.0,0.0,0.0,49.0,0,0.0,0.0,49.0,0.0,0.0,0.0,49.0,0.0,1,26321
MDG,MG,2881.0,0.0,27936.0,ambohidava,55163.0,46.625,-19.8433,3,,,1995.0,,,219.0,3.0,,,219.0,151,,,219.0,4.0,,,,,3,9068
MDG,MG,2876.0,0.0,27908.0,ambohidava,12831.0,47.38771833,-19.06104167,3,,,2015.0,,,50.0,6.0,,,50.0,19,,,50.0,5.0,,,50.0,25.0,1,8961
MDG,MG,2881.0,0.0,27936.0,ambohijazafotsy,55164.0,46.882999,-19.908701,3,,,1995.0,,,47.0,3.0,,,47.0,27,,,47.0,5.0,,,,,3,9080
MDG,MG,2872.0,0.0,27893.0,ambohimahasoa,,47.5239459,-18.9041185,4,,sentinel site,2015.0,7.0,10.0,96.0,0.0,0.0,0.0,96.0,4,0.0,0.0,96.0,2.0,0.0,0.0,96.0,6.0,1,26296
MDG,MG,2872.0,0.0,27893.0,ambohimahasoa,,47.5239459,-18.9041185,4,,sentinel site,2017.0,7.0,10.0,80.0,0.0,0.0,0.0,80.0,3,0.0,0.0,80.0,0.0,0.0,0.0,80.0,3.0,1,26297
MDG,MG,2880.0,0.0,27931.0,ambohimahavelona,,47.8264071,-15.6043461,3,,sentinel site,2015.0,7.0,10.0,38.0,3.0,0.0,0.0,38.0,3,0.0,0.0,38.0,0.0,0.0,0.0,38.0,6.0,1,26350
MDG,MG,2880.0,0.0,27931.0,ambohimahavelona,,47.8264071,-15.6043461,3,,sentinel site,2017.0,7.0,10.0,36.0,0.0,0.0,0.0,36.0,0,0.0,0.0,36.0,0.0,0.0,0.0,36.0,0.0,1,26352
MDG,MG,2872.0,0.0,27893.0,ambohimalaza,104121.0,47.583333,-18.866667,1,,,2015.0,10.0,0.0,50.0,0.0,,,50.0,12,,,50.0,0.0,,,50.0,12.0,1,854
MDG,MG,2871.0,0.0,27888.0,ambohimandamina,12880.0,46.35053667,-15.70619167,3,,,2015.0,,,50.0,0.0,,,50.0,0,,,50.0,1.0,,,50.0,1.0,1,8907
MDG,MG,,,0.0,ambohimanga,,48.399,-17.9,4,,,1982.0,0.0,99.0,68.0,0.0,,,68.0,56,,,68.0,14.0,,,0.0,0.0,3,29497
MDG,MG,2876.0,0.0,27909.0,ambohimarina,,46.80319444,-18.84175,3,,mapping,2015.0,10.0,13.0,50.0,0.0,0.0,0.0,50.0,3,0.0,0.0,50.0,1.0,0.0,0.0,50.0,4.0,1,26307
MDG,MG,2881.0,0.0,27946.0,ambohimena,55214.0,46.368801,-19.589701,3,,,1995.0,,,184.0,7.0,,,184.0,61,,,184.0,8.0,,,,,3,9105
MDG,MG,2876.0,,0.0,ambohimena,,46.55,-19.3833,4,,,1997.0,1.0,99.0,350.0,32.0,,,350.0,94,,,0.0,0.0,,,0.0,0.0,3,30585
MDG,MG,2882.0,0.0,0.0,ambohimiera,,47.508,-21.064,4,,,1990.0,1.0,10.0,157.0,22.0,,,157.0,121,,,157.0,46.0,,,0.0,0.0,3,29174
MDG,MG,2881.0,0.0,27936.0,ambohimitombo,55165.0,46.718201,-19.9228,3,,,1995.0,,,19.0,0.0,,,19.0,17,,,19.0,5.0,,,,,3,9053
MDG,MG,2871.0,0.0,27892.0,ambohipaky,12960.0,44.971531,-16.4288409,1,,,2015.0,,,50.0,0.0,,,50.0,0,,,50.0,0.0,,,50.0,0.0,1,8922
MDG,MG,2872.0,0.0,27893.0,ambohitromby,12867.0,46.316667,-17.966667,1,,,2015.0,,,50.0,2.0,,,50.0,5,,,50.0,0.0,,,50.0,6.0,1,8926
MDG,MG,2881.0,0.0,27936.0,ambohitsara,55166.0,46.58881,-20.201981,1,,,1995.0,,,73.0,1.0,,,73.0,64,,,73.0,3.0,,,,,3,9052
MDG,MG,2880.0,0.0,27928.0,ambohitsara i,,48.3056649,-15.449147,3,,sentinel site,2015.0,7.0,10.0,41.0,8.0,0.0,0.0,41.0,0,0.0,0.0,41.0,0.0,0.0,0.0,41.0,8.0,1,26336
MDG,MG,2880.0,0.0,27928.0,ambohitsara i,,48.3056649,-15.449147,3,,sentinel site,2017.0,7.0,10.0,69.0,0.0,0.0,0.0,69.0,0,0.0,0.0,69.0,0.0,0.0,0.0,69.0,0.0,1,26337
MDG,MG,2877.0,0.0,27914.0,amboloando,12895.0,45.4863889,-17.1530556,1,,,2015.0,,,50.0,0.0,,,50.0,0,,,50.0,0.0,,,50.0,0.0,1,8990
MDG,MG,2863.0,0.0,27845.0,ambolotarabe,12810.0,47.1666669,-17.883333,1,,,2015.0,,,43.0,0.0,,,43.0,3,,,43.0,0.0,,,43.0,3.0,1,8807
MDG,MG,2877.0,0.0,27912.0,ambondro,104080.0,44.866667,-18.683333,1,,,2015.0,10.0,0.0,50.0,12.0,,,50.0,0,,,50.0,0.0,,,50.0,12.0,1,845
MDG,MG,2871.0,0.0,27887.0,ambondromamy,104016.0,46.6347222,-16.6919444,1,,,2015.0,10.0,0.0,48.0,0.0,,,48.0,0,,,48.0,2.0,,,48.0,2.0,1,829
MDG,MG,2871.0,0.0,27887.0,ambondromamy,104021.0,46.6347222,-16.6919444,1,,,,,,48.0,0.0,,,48.0,0,,,48.0,2.0,,,0.0,0.0,3,826
MDG,MG,2876.0,0.0,27909.0,ambonirina,55228.0,46.655602,-18.886101,3,,,1996.0,,,151.0,18.0,,,151.0,22,,,151.0,16.0,,,,,3,8966
MDG,MG,2879.0,0.0,27924.0,amboriala,104259.0,49.472992,-13.795758,3,,,2015.0,10.0,0.0,50.0,0.0,,,50.0,20,,,50.0,7.0,,,50.0,23.0,1,883
MDG,MG,2871.0,0.0,27888.0,amborovy,12881.0,46.350833,-15.666389,2,,,2015.0,,,50.0,0.0,,,50.0,1,,,50.0,3.0,,,50.0,4.0,1,8908
MDG,MG,2881.0,0.0,27936.0,ampahibe,55167.0,46.676899,-19.6178,3,,,1995.0,,,24.0,0.0,,,24.0,9,,,24.0,0.0,,,,,3,9079
MDG,MG,2877.0,0.0,27913.0,ampako,12850.0,44.815632,-16.755051,1,,,2015.0,,,50.0,5.0,,,50.0,0,,,50.0,2.0,,,50.0,7.0,1,8985
MDG,MG,2876.0,0.0,27910.0,ampamaho,,46.6713576,-19.3003359,3,,sentinel site,2015.0,7.0,10.0,96.0,0.0,0.0,0.0,96.0,3,0.0,0.0,96.0,2.0,0.0,0.0,96.0,4.0,1,26316
MDG,MG,2876.0,0.0,27910.0,ampamaho,,46.6713576,-19.3003359,3,,sentinel site,2017.0,7.0,10.0,80.0,0.0,0.0,0.0,80.0,1,0.0,0.0,80.0,0.0,0.0,0.0,80.0,1.0,1,26314
MDG,MG,2871.0,0.0,27889.0,ampampamena,12887.0,46.32562167,-15.72120333,3,,,2015.0,,,50.0,0.0,,,50.0,0,,,50.0,0.0,,,50.0,0.0,1,8911
MDG,MG,2869.0,0.0,27879.0,ampampanambo,12890.0,48.48011,-19.531486,3,,,2015.0,,,50.0,19.0,,,50.0,29,,,50.0,47.0,,,50.0,49.0,1,8870
MDG,MG,2867.0,0.0,27864.0,ampandramitsetaky,12805.0,44.61647667,-22.14037333,3,,,2015.0,,,50.0,5.0,,,0.0,0,,,0.0,0.0,,,50.0,5.0,1,8838
MDG,MG,2873.0,0.0,27899.0,ampangoriana,104195.0,48.3402,-13.4405,3,,,2015.0,10.0,0.0,50.0,0.0,,,50.0,15,,,50.0,3.0,,,50.0,16.0,1,867
MDG,MG,2878.0,0.0,27916.0,ampanihy,,44.6863635,-19.7338356,3,,sentinel site,2017.0,7.0,10.0,81.0,0.0,0.0,0.0,81.0,0,0.0,0.0,81.0,0.0,0.0,0.0,81.0,0.0,1,26325
MDG,MG,2878.0,0.0,27916.0,ampanihy,,44.6863635,-19.7338356,3,,sentinel site,2015.0,7.0,10.0,59.0,0.0,0.0,0.0,59.0,0,0.0,0.0,59.0,0.0,0.0,0.0,59.0,0.0,1,26324
MDG,MG,2865.0,0.0,27856.0,ampanolora,55150.0,45.998001,-25.066,3,,,1998.0,,,223.0,51.0,,,223.0,13,,,223.0,21.0,,,,,3,8824
MDG,MG,2863.0,0.0,27842.0,ampanomahitsy,12781.0,47.43860833,-18.860345,3,,,2015.0,,,50.0,0.0,,,50.0,28,,,50.0,18.0,,,50.0,32.0,1,8794
MDG,MG,,,,amparamanina,,,,99,,,1982.0,0.0,99.0,301.0,7.0,,,301.0,210,,,301.0,19.0,,,0.0,0.0,3,29501
MDG,MG,2876.0,0.0,27910.0,amparihivato,55234.0,46.689899,-19.072201,3,,,1996.0,,,181.0,16.0,,,181.0,133,,,181.0,42.0,,,,,3,8968
MDG,MG,2878.0,0.0,27917.0,ampasibevihy,,44.64377778,-20.25838889,3,,mapping,2014.0,6.0,14.0,50.0,2.0,0.0,0.0,50.0,0,0.0,0.0,50.0,0.0,0.0,0.0,50.0,2.0,1,26327
MDG,MG,2869.0,0.0,27877.0,ampasimadinika,12823.0,48.533482,-19.910089,1,,,2015.0,,,50.0,4.0,,,50.0,31,,,50.0,32.0,,,50.0,42.0,1,8863
MDG,MG,2864.0,0.0,27855.0,ampasimazava,104254.0,49.1333333,-17.6666666,3,,,2015.0,10.0,0.0,50.0,0.0,,,50.0,12,,,50.0,43.0,,,50.0,45.0,1,881
MDG,MG,2869.0,0.0,27880.0,ampasimbola,12921.0,47.9,-20.2666666,3,,,2015.0,,,50.0,22.0,,,50.0,26,,,50.0,33.0,,,50.0,40.0,1,8875
MDG,MG,2862.0,,0.0,ampasina village,,47.155,-20.5235,4,,,2012.0,4.0,18.0,0.0,0.0,,,410.0,72,,,0.0,0.0,,,0.0,0.0,1,29884
MDG,MG,2876.0,0.0,27910.0,ampefindradama,,46.73577778,-19.04341667,3,,mapping,2015.0,10.0,14.0,50.0,1.0,0.0,0.0,50.0,6,0.0,0.0,50.0,5.0,0.0,0.02,50.0,10.0,1,26317
MDG,MG,2876.0,0.0,27909.0,ampefy,,46.73647222,-18.85475,3,,mapping,2015.0,10.0,14.0,49.0,0.0,0.0,0.0,49.0,2,0.0,0.0,49.0,1.0,0.0,0.0,49.0,3.0,1,26308
MDG,MG,2879.0,0.0,27924.0,ampisikina,104260.0,49.8,-12.9333332,3,,,2015.0,10.0,0.0,50.0,16.0,,,50.0,1,,,50.0,8.0,,,50.0,22.0,1,884
MDG,MG,2882.0,0.0,0.0,ampitanvanana,,47.516,-21.233,4,,,1990.0,1.0,10.0,38.0,5.0,,,38.0,31,,,38.0,8.0,,,0.0,0.0,3,30593
MDG,MG,2881.0,0.0,27936.0,ampizarandrano,55168.0,46.7006,-19.7974,3,,,1995.0,,,36.0,1.0,,,36.0,29,,,36.0,1.0,,,,,3,9083
MDG,MG,2879.0,0.0,27922.0,ampohafana,104071.0,49.866667,-14.816667,1,,,2015.0,10.0,0.0,50.0,2.0,,,50.0,36,,,50.0,45.0,,,50.0,50.0,1,841
MDG,MG,2880.0,0.0,27931.0,ampombibitika,104201.0,47.6307555,-15.6127056,1,,,2015.0,10.0,0.0,50.0,3.0,,,50.0,0,,,50.0,0.0,,,50.0,3.0,1,873
MDG,MG,2879.0,0.0,27924.0,ampondra,55255.0,49.9687373,-13.4259845,1,,,1998.0,,,148.0,126.0,,,148.0,74,,,148.0,102.0,,,,,3,9030
MDG,MG,2879.0,0.0,27921.0,ampontsilahy,12792.0,49.59898167,-14.73145,3,,,2015.0,,,50.0,5.0,,,49.0,23,,,50.0,45.0,,,50.0,46.0,1,9014
MDG,MG,2871.0,0.0,27891.0,analamamy,12925.0,45.87760667,-15.97203,3,,,2015.0,,,50.0,0.0,,,50.0,0,,,50.0,0.0,,,50.0,0.0,1,8919
MDG,MG,2876.0,0.0,27909.0,analamanga,55230.0,46.7113,-18.8971,3,,,1996.0,,,18.0,0.0,,,18.0,3,,,18.0,1.0,,,,,3,8965
MDG,MG,2866.0,0.0,27861.0,analamary,12860.0,47.22271,-24.24296,1,,,2015.0,,,50.0,1.0,,,50.0,0,,,50.0,2.0,,,50.0,3.0,1,8834
MDG,MG,2867.0,0.0,27865.0,analamena,104095.0,44.9,-23.4833329,1,,,2015.0,10.0,0.0,50.0,0.0,,,50.0,0,,,50.0,0.0,,,50.0,0.0,1,846
MDG,MG,2878.0,0.0,27917.0,analamitsivala,,44.69047222,-20.31897222,3,,mapping,2014.0,10.0,14.0,50.0,2.0,0.0,0.0,50.0,0,0.0,0.0,50.0,0.0,0.0,0.0,50.0,2.0,1,26328
MDG,MG,2878.0,0.0,27917.0,analamitsivalana,55208.0,44.7006138,-20.3446313,1,,,1998.0,,,169.0,23.0,,,169.0,4,,,169.0,8.0,,,,,3,9002
MDG,MG,2861.0,0.0,27837.0,andaingo,12936.0,48.26935,-18.21729,3,,,2015.0,,,50.0,0.0,,,50.0,19,,,50.0,11.0,,,50.0,24.0,1,8791
MDG,MG,2870.0,0.0,27884.0,andasibe,12876.0,46.24398,-17.660311,1,,,2015.0,,,50.0,0.0,,,50.0,0,,,50.0,0.0,,,50.0,0.0,1,8891
MDG,MG,2872.0,0.0,27894.0,andavabary,55249.0,46.314301,-19.194201,3,,,1996.0,,,132.0,96.0,,,132.0,73,,,132.0,4.0,,,,,3,8931
MDG,MG,,,,andilana nord,,,,99,,,1982.0,0.0,99.0,39.0,8.0,,,39.0,29,,,39.0,10.0,,,0.0,0.0,3,29504
MDG,MG,2878.0,0.0,27916.0,andimaka,12835.0,44.6833333,-19.3999999,3,,,2015.0,,,50.0,1.0,,,50.0,0,,,50.0,0.0,,,50.0,1.0,1,8998
MDG,MG,2881.0,0.0,27936.0,andoharano,55169.0,46.930099,-19.9282,3,,,1995.0,,,46.0,1.0,,,46.0,34,,,46.0,3.0,,,,,3,9056
MDG,MG,2877.0,0.0,27911.0,andoharano,12770.0,45.233333,-16.95,1,,,2015.0,,,50.0,0.0,,,50.0,0,,,50.0,0.0,,,50.0,0.0,1,8976
MDG,MG,2867.0,0.0,27867.0,andohasatra,,44.3492774,-23.662354,3,,sentinel site,2017.0,7.0,10.0,80.0,1.0,0.0,0.0,80.0,0,0.0,0.0,80.0,2.0,0.0,0.0,80.0,3.0,1,26263
MDG,MG,2867.0,0.0,27867.0,andohasatra,,44.3492774,-23.662354,3,,sentinel site,2015.0,7.0,10.0,87.0,0.0,0.0,0.0,87.0,0,0.0,0.0,87.0,1.0,0.0,0.0,87.0,1.0,1,26262
MDG,MG,2880.0,0.0,27929.0,andongona,104156.0,49.486931,-16.333281,1,,,2015.0,10.0,0.0,50.0,0.0,,,50.0,0,,,50.0,0.0,,,50.0,0.0,1,860
MDG,MG,2879.0,0.0,27924.0,andrafainona,104261.0,49.4666667,-13.7333332,3,,,2015.0,10.0,0.0,50.0,0.0,,,50.0,21,,,50.0,7.0,,,50.0,25.0,1,885
MDG,MG,2879.0,0.0,27923.0,andrahanjo,12956.0,49.823139,-14.31808,1,,,2015.0,,,50.0,0.0,,,50.0,34,,,50.0,33.0,,,50.0,46.0,1,9027
MDG,MG,2877.0,0.0,27915.0,andramy/antsingilo,12930.0,44.78228,-17.96669,1,,,2015.0,,,50.0,0.0,,,50.0,0,,,50.0,0.0,,,50.0,0.0,1,8992
MDG,MG,2863.0,0.0,27844.0,andranomadio,12801.0,47.59281333,-18.38949333,3,,,2015.0,,,50.0,0.0,,,50.0,8,,,50.0,1.0,,,50.0,9.0,1,8802
MDG,MG,2881.0,0.0,27946.0,andranomainty,55215.0,46.227798,-19.598301,3,,,1995.0,,,68.0,16.0,,,68.0,9,,,68.0,2.0,,,,,3,9117
MDG,MG,2871.0,0.0,27887.0,andranomamy,104017.0,47.1142882,-16.5349494,1,,,2015.0,10.0,0.0,50.0,0.0,,,50.0,0,,,50.0,0.0,,,50.0,0.0,1,830
MDG,MG,2871.0,0.0,27887.0,andranomamy,104022.0,47.1142882,-16.5349494,1,,,,,,50.0,0.0,,,50.0,0,,,50.0,0.0,,,0.0,0.0,3,827
MDG,MG,2871.0,0.0,27892.0,andranomavo,104216.0,45.5641193,-16.578819,1,,,2015.0,10.0,0.0,50.0,0.0,,,50.0,0,,,50.0,1.0,,,50.0,1.0,1,876
MDG,MG,2877.0,0.0,27911.0,andranovorimpanjaka,12771.0,45.36067167,-17.80810167,3,,,2015.0,,,50.0,0.0,,,50.0,0,,,50.0,0.0,,,50.0,0.0,1,8977
MDG,MG,2880.0,0.0,27928.0,andratamarina,,49.2582728,-14.9183972,3,,sentinel site,2015.0,7.0,10.0,32.0,0.0,0.0,0.0,32.0,14,0.0,0.125,32.0,0.0,0.0,0.0,32.0,14.0,1,26338
MDG,MG,2880.0,0.0,27928.0,andratamarina,,49.2582728,-14.9183972,3,,sentinel site,2017.0,7.0,10.0,63.0,0.0,0.0,0.0,63.0,20,0.0,0.1111,63.0,0.0,0.0,0.0,63.0,20.0,1,26339
MDG,MG,2877.0,0.0,27914.0,andrea,12896.0,44.120499,-17.872459,1,,,2015.0,,,50.0,0.0,,,50.0,0,,,50.0,0.0,,,50.0,0.0,1,8989
MDG,MG,,,0.0,andreba,,48.5,-17.633,4,,,1982.0,0.0,99.0,95.0,2.0,,,95.0,72,,,95.0,39.0,,,0.0,0.0,3,29502
MDG,MG,2870.0,0.0,27886.0,androfia,12988.0,47.52747,-16.69679,3,,,2015.0,,,50.0,7.0,,,50.0,1,,,50.0,2.0,,,50.0,9.0,1,8897
MDG,MG,2869.0,0.0,27879.0,androhomanasa,12891.0,48.49875,-19.544848,3,,,2015.0,,,50.0,18.0,,,50.0,38,,,50.0,48.0,,,50.0,48.0,1,8869
MDG,MG,,,,andromba,,,,99,,,1982.0,0.0,99.0,96.0,4.0,,,96.0,76,,,96.0,19.0,,,0.0,0.0,3,29500
MDG,MG,2881.0,0.0,27936.0,angodongodona,55170.0,46.751801,-19.6525,3,,,1995.0,,,33.0,0.0,,,33.0,22,,,33.0,0.0,,,,,3,9071
MDG,MG,2864.0,0.0,27855.0,anjahambe,13000.0,49.131621,-17.3850764,1,,,2015.0,,,50.0,6.0,,,50.0,22,,,50.0,40.0,,,50.0,46.0,1,8819
MDG,MG,2866.0,0.0,27860.0,anjamahavelo,12776.0,46.12425,-24.55402,3,,,2015.0,,,50.0,0.0,,,50.0,2,,,50.0,5.0,,,50.0,7.0,1,8827
MDG,MG,2881.0,0.0,27936.0,anjanamasy,12855.0,46.896745,-19.866983,3,,,2015.0,,,50.0,0.0,,,50.0,9,,,50.0,0.0,,,50.0,9.0,1,9059
MDG,MG,2881.0,0.0,27936.0,anjazafotsy,12856.0,46.8168086,-19.8250378,1,,,2015.0,,,50.0,0.0,,,50.0,3,,,50.0,3.0,,,50.0,6.0,1,9055
MDG,MG,2880.0,0.0,27929.0,anjiabe,104157.0,47.75,-15.9166666,3,,,2015.0,10.0,0.0,50.0,0.0,,,50.0,0,,,50.0,0.0,,,50.0,0.0,1,861
MDG,MG,2881.0,0.0,27946.0,ankadimafana,55216.0,46.443802,-19.5259,3,,,1995.0,,,142.0,19.0,,,142.0,59,,,142.0,17.0,,,,,3,9122
MDG,MG,2872.0,0.0,27894.0,ankadinondrikely,55250.0,46.458099,-18.9874,3,,,1996.0,,,85.0,18.0,,,85.0,17,,,85.0,9.0,,,,,3,8934
MDG,MG,2881.0,0.0,27936.0,ankadivato,55171.0,47.5355217,-18.910148,1,,,1995.0,,,9.0,0.0,,,9.0,7,,,9.0,0.0,,,,,3,9092
MDG,MG,2877.0,0.0,27915.0,ankalalo,12931.0,45.016667,-18.183333,1,,,2015.0,,,50.0,0.0,,,50.0,0,,,50.0,0.0,,,50.0,0.0,1,8993
MDG,MG,2881.0,0.0,27936.0,ankaraha,55172.0,46.8293,-19.7787,3,,,1995.0,,,38.0,0.0,,,38.0,22,,,38.0,4.0,,,,,3,9086
MDG,MG,2880.0,0.0,27925.0,ankaramibe,104042.0,48.1784306,-13.9758983,1,,,2015.0,10.0,0.0,50.0,9.0,,,50.0,7,,,50.0,1.0,,,50.0,12.0,1,833
MDG,MG,2873.0,0.0,27896.0,ankaramy,55141.0,49.661251,-12.86829,1,,,1998.0,,,143.0,46.0,,,143.0,5,,,143.0,11.0,,,,,3,8941
MDG,MG,2867.0,0.0,27864.0,ankazoabo,12806.0,45.20956,-21.503481,1,,,2015.0,,,46.0,0.0,,,50.0,0,,,12.0,0.0,,,50.0,0.0,1,8837
MDG,MG,2864.0,0.0,27855.0,ankazomianko,13001.0,49.194,-17.46608,3,,,2015.0,,,50.0,5.0,,,50.0,15,,,50.0,47.0,,,50.0,47.0,1,8821
MDG,MG,2881.0,0.0,27936.0,ankelaka,55173.0,46.596699,-19.8283,3,,,1995.0,,,160.0,5.0,,,160.0,94,,,160.0,2.0,,,,,3,9090
MDG,MG,2867.0,0.0,27863.0,ankelelahy,,,,99,,,2015.0,7.0,10.0,39.0,0.0,0.0,0.0,39.0,0,0.0,0.0,39.0,0.0,0.0,0.0,39.0,0.0,1,26250
MDG,MG,2867.0,0.0,27870.0,anketa,104233.0,43.6687122,-23.3408293,1,,,2015.0,9.0,0.0,50.0,0.0,,,50.0,10,,,50.0,12.0,,,50.0,17.0,1,880
MDG,MG,2880.0,0.0,27928.0,ankiakabe,,49.1003052,-15.0493178,3,,sentinel site,2017.0,7.0,10.0,34.0,1.0,0.0,0.0,34.0,16,0.0,0.0,34.0,0.0,0.0,0.0,34.0,16.0,1,26341
MDG,MG,2880.0,0.0,27928.0,ankiakabe,,49.1003052,-15.0493178,3,,sentinel site,2015.0,7.0,10.0,39.0,0.0,0.0,0.0,39.0,9,0.0,0.0,39.0,1.0,0.0,0.0,39.0,10.0,1,26340
MDG,MG,2878.0,0.0,27918.0,ankiliabo,12915.0,43.88979,-21.7181609,1,,,2015.0,,,21.0,0.0,,,21.0,1,,,21.0,0.0,,,21.0,1.0,1,9009
MDG,MG,2867.0,0.0,27871.0,ankililaoka,12983.0,43.6171333,-22.7684039,1,,,2015.0,,,50.0,2.0,,,50.0,6,,,50.0,4.0,,,50.0,11.0,1,8859
MDG,MG,2867.0,0.0,27864.0,ankilimaro,55154.0,45.083333,-22.1,1,,,1998.0,,,74.0,29.0,,,74.0,1,,,74.0,4.0,,,,,3,8835
MDG,MG,2867.0,0.0,27865.0,ankilimary,104096.0,45.05,-23.616667,1,,,2015.0,10.0,0.0,50.0,0.0,,,50.0,0,,,50.0,1.0,,,50.0,1.0,1,847
MDG,MG,,,0.0,ankilivalo,,44.632,-20.282,4,,,1987.0,5.0,18.0,413.0,17.0,,,413.0,70,,,413.0,54.0,,,0.0,0.0,3,29165
MDG,MG,2878.0,0.0,27916.0,ankirondro,12836.0,44.59624333,-19.64520333,3,,,2015.0,,,50.0,2.0,,,50.0,1,,,50.0,0.0,,,50.0,3.0,1,9000
MDG,MG,2877.0,0.0,27914.0,ankisatra,12897.0,44.14740833,-18.22939667,3,,,2015.0,,,50.0,3.0,,,50.0,0,,,50.0,0.0,,,50.0,3.0,1,8991
MDG,MG,2864.0,0.0,27853.0,ankobahoba,12952.0,49.9027,-16.94749833,3,,,2015.0,,,50.0,17.0,,,50.0,32,,,50.0,43.0,,,50.0,47.0,1,8812
MDG,MG,2871.0,0.0,27890.0,ankorefobe,,46.769,-16.11094444,3,,mapping,2014.0,10.0,14.0,50.0,0.0,0.0,0.0,50.0,0,0.0,0.0,50.0,0.0,0.0,0.0,50.0,0.0,1,26290
MDG,MG,2880.0,0.0,27928.0,anoalakely,,49.2871971,-14.9147686,3,,sentinel site,2017.0,7.0,10.0,50.0,1.0,0.0,0.02,50.0,38,0.0,0.2,50.0,8.0,0.0,0.02,50.0,38.0,1,26343
MDG,MG,2880.0,0.0,27928.0,anoalakely,,49.2871971,-14.9147686,3,,sentinel site,2015.0,7.0,10.0,40.0,0.0,0.0,0.0,40.0,9,0.0,0.15,40.0,1.0,0.0,0.0,40.0,9.0,1,26342
MDG,MG,2878.0,0.0,27918.0,anontsibe,104171.0,44.4686809,-21.382259,1,,,2015.0,6.0,0.0,50.0,0.0,,,50.0,2,,,50.0,0.0,,,50.0,2.0,1,864
MDG,MG,,,0.0,anororo,,48.429,-17.515,4,,,1982.0,0.0,99.0,364.0,3.0,,,364.0,264,,,364.0,56.0,,,0.0,0.0,3,29506
MDG,MG,2872.0,0.0,27894.0,anosibe,,44.8410158,-16.6644431,4,,mapping,2015.0,9.0,13.0,50.0,0.0,0.0,0.0,50.0,0,0.0,0.0,50.0,0.0,0.0,0.0,50.0,0.0,1,26302
MDG,MG,2877.0,0.0,27913.0,anosibe,,44.8410158,-16.6644431,3,,sentinel site,2017.0,7.0,10.0,68.0,0.0,0.0,0.0,68.0,0,0.0,0.0,68.0,0.0,0.0,0.0,68.0,0.0,1,26323
MDG,MG,2869.0,0.0,27883.0,anosimanasana,12994.0,48.97791,-19.3308141,1,,,2015.0,,,50.0,3.0,,,50.0,27,,,50.0,45.0,,,50.0,47.0,1,8887
MDG,MG,2876.0,0.0,27909.0,antambiazina,,46.8295135,-18.8144549,3,,sentinel site,2017.0,7.0,10.0,43.0,1.0,0.0,0.0,43.0,11,0.0,0.0,43.0,0.0,0.0,0.0,43.0,11.0,1,26310
MDG,MG,2876.0,0.0,27909.0,antambiazina,,46.8295135,-18.8144549,3,,sentinel site,2015.0,7.0,10.0,77.0,0.0,0.0,0.0,77.0,0,0.0,0.0,77.0,1.0,0.0,0.0,77.0,1.0,1,26309
MDG,MG,2881.0,0.0,27946.0,antampondravola,55217.0,46.539101,-19.5257,3,,,1995.0,,,11.0,0.0,,,11.0,3,,,11.0,1.0,,,,,3,9115
MDG,MG,2877.0,0.0,27913.0,antanambao,12851.0,44.4791667,-16.3213889,2,,,2015.0,,,50.0,8.0,,,50.0,1,,,50.0,0.0,,,50.0,9.0,1,8987
MDG,MG,2869.0,0.0,27877.0,antanambao manampotsy,12824.0,48.570862,-19.48768,1,,,2015.0,,,50.0,1.0,,,50.0,22,,,50.0,22.0,,,50.0,33.0,1,8864
MDG,MG,2881.0,0.0,27946.0,antanambao manerinerina,12906.0,46.38226,-19.571005,3,,,2015.0,,,50.0,2.0,,,50.0,0,,,50.0,0.0,,,50.0,2.0,1,9107
MDG,MG,2880.0,0.0,27929.0,antanandava,104158.0,47.40274,-16.141991,1,,,2015.0,10.0,0.0,50.0,0.0,,,50.0,0,,,50.0,0.0,,,50.0,0.0,1,862
MDG,MG,2876.0,0.0,27909.0,antanetibe,,46.40130556,-18.83733333,4,,mapping,2015.0,10.0,14.0,47.0,5.0,0.0,0.0,47.0,3,0.0,0.0,47.0,0.0,0.0,0.0,47.0,8.0,1,26311
MDG,MG,2863.0,0.0,27842.0,antanetibe,12782.0,47.3591,-18.687005,3,,,2015.0,,,50.0,0.0,,,50.0,0,,,50.0,0.0,,,50.0,0.0,1,8798
MDG,MG,2881.0,0.0,27946.0,antanetikely,12907.0,46.859556,-19.47413095,3,,,2015.0,,,50.0,2.0,,,50.0,0,,,50.0,0.0,,,50.0,2.0,1,9110
MDG,MG,2876.0,0.0,27908.0,antanetikely,12832.0,47.18333,-19.0098182,1,,,2015.0,,,50.0,0.0,,,50.0,15,,,50.0,3.0,,,50.0,17.0,1,8963
MDG,MG,2862.0,0.0,27838.0,antanetimboahangy,55136.0,46.902699,-20.193701,4,,,1995.0,,,163.0,1.0,,,163.0,42,,,163.0,5.0,,,,,3,8792
MDG,MG,2876.0,0.0,27908.0,antanety i,12833.0,47.40001,-18.93833667,3,,,2015.0,,,50.0,0.0,,,50.0,30,,,50.0,22.0,,,50.0,40.0,1,8959
MDG,MG,2864.0,0.0,27854.0,antanifotsy,12965.0,49.62780333,-16.86749,3,,,2015.0,,,50.0,5.0,,,50.0,22,,,50.0,35.0,,,50.0,39.0,1,8818
MDG,MG,2880.0,0.0,27928.0,antanilojy,,48.9263746,-15.1357608,3,,sentinel site,2017.0,7.0,10.0,80.0,0.0,0.0,0.0,80.0,4,0.0,0.0,80.0,0.0,0.0,0.0,80.0,4.0,1,26345
MDG,MG,2880.0,0.0,27928.0,antanilojy,,48.9263746,-15.1357608,3,,sentinel site,2015.0,7.0,10.0,57.0,0.0,0.0,0.0,57.0,0,0.0,0.0,57.0,0.0,0.0,0.0,57.0,0.0,1,26344
MDG,MG,2871.0,0.0,27888.0,antanimalandy,12882.0,47.316667,-16.25,1,,,2015.0,,,50.0,0.0,,,50.0,0,,,50.0,3.0,,,50.0,3.0,1,8905
MDG,MG,2879.0,0.0,27921.0,antanimbaribe,104048.0,47.7,-17.566667,1,,,2015.0,10.0,0.0,50.0,2.0,,,50.0,36,,,50.0,42.0,,,50.0,48.0,1,837
MDG,MG,2880.0,0.0,27930.0,antanjano,12911.0,48.89058667,-15.85981333,3,,,2015.0,,,50.0,0.0,,,50.0,1,,,50.0,0.0,,,50.0,1.0,1,9044
MDG,MG,2867.0,0.0,27871.0,antapoake,,43.5858113,-22.9634811,3,,sentinel site,2017.0,7.0,10.0,53.0,4.0,0.0,0.0,53.0,0,0.0,0.0,53.0,1.0,0.0,0.0,53.0,5.0,1,26286
MDG,MG,2867.0,0.0,27871.0,antapoake,,43.5858113,-22.9634811,3,,sentinel site,2015.0,7.0,10.0,64.0,2.0,0.0,0.0,64.0,0,0.0,0.0,64.0,1.0,0.0,0.0,64.0,3.0,1,26285
MDG,MG,2869.0,0.0,27882.0,antetezambaro/hotsika,12976.0,49.35515833,-18.040135,3,,,2015.0,,,150.0,69.0,,,150.0,114,,,150.0,142.0,,,150.0,146.0,1,8882
MDG,MG,2881.0,0.0,27936.0,antokofoana,12857.0,46.77172,-19.804863,3,,,2015.0,,,50.0,0.0,,,50.0,13,,,50.0,2.0,,,50.0,15.0,1,9069
MDG,MG,2871.0,0.0,27891.0,antongomena,12926.0,45.7011878,-16.1382541,1,,,2015.0,,,50.0,0.0,,,50.0,0,,,50.0,0.0,,,50.0,0.0,1,8915
MDG,MG,2881.0,0.0,27946.0,antsahalava,55218.0,47.478909,-19.59037,1,,,1995.0,,,58.0,1.0,,,58.0,23,,,58.0,1.0,,,,,3,9116
MDG,MG,2879.0,0.0,27922.0,antsahanandriana,104072.0,50.2,-14.9833332,3,,,2015.0,10.0,0.0,50.0,0.0,,,50.0,24,,,50.0,44.0,,,50.0,48.0,1,842
MDG,MG,2876.0,0.0,27909.0,antsahavory,,46.89977778,-19.04238889,3,,mapping,2015.0,10.0,14.0,50.0,0.0,0.0,0.0,50.0,1,0.0,0.0,50.0,2.0,0.0,0.0,50.0,3.0,1,26312
MDG,MG,2873.0,0.0,27895.0,antsakoamanondro,55135.0,48.5021337,-13.6122999,3,,,1998.0,,,180.0,126.0,,,180.0,67,,,180.0,79.0,,,,,3,8939
MDG,MG,2873.0,0.0,27895.0,antsakoamanondro,104010.0,48.5021337,-13.6122999,3,,,2015.0,10.0,0.0,50.0,5.0,,,50.0,3,,,50.0,1.0,,,50.0,8.0,1,820
MDG,MG,2879.0,0.0,27923.0,antsampanamahazo,12957.0,50.02189833,-14.186765,3,,,2015.0,,,50.0,0.0,,,50.0,40,,,50.0,46.0,,,50.0,50.0,1,9024
MDG,MG,2877.0,0.0,27915.0,antsingilo,12932.0,44.61052667,-18.00144833,3,,,2015.0,,,50.0,0.0,,,50.0,0,,,50.0,0.0,,,50.0,0.0,1,8995
MDG,MG,2879.0,0.0,27923.0,antsirabe,12958.0,47.0291162,-19.8730077,1,,,2015.0,,,50.0,0.0,,,50.0,38,,,50.0,43.0,,,50.0,49.0,1,9025
MDG,MG,2879.0,0.0,27924.0,antsirabe nord,13007.0,49.4666667,-13.7666666,3,,,2015.0,,,50.0,1.0,,,50.0,38,,,50.0,42.0,,,50.0,49.0,1,9032
MDG,MG,2880.0,0.0,27930.0,antsiradrano,,48.6690304,-15.4784962,3,,sentinel site,2017.0,7.0,10.0,23.0,0.0,0.0,0.0,23.0,0,0.0,0.0,23.0,0.0,0.0,0.0,23.0,0.0,1,26349
MDG,MG,2880.0,0.0,27930.0,antsiradrano,,48.6690304,-15.4784962,3,,sentinel site,2015.0,7.0,10.0,43.0,0.0,0.0,0.0,43.0,0,0.0,0.0,43.0,0.0,0.0,0.0,43.0,0.0,1,26348
MDG,MG,2878.0,0.0,27916.0,antsiraraka,12837.0,44.85127167,-19.80563,3,,,2015.0,,,50.0,0.0,,,50.0,0,,,50.0,0.0,,,50.0,0.0,1,8999
MDG,MG,2881.0,0.0,27936.0,antsongondrano,55174.0,46.854698,-19.8211,3,,,1995.0,,,95.0,3.0,,,95.0,64,,,95.0,18.0,,,,,3,9078
MDG,MG,2861.0,0.0,27837.0,beforona,12937.0,48.5775211,-18.9694762,1,,,2015.0,,,50.0,0.0,,,50.0,32,,,50.0,43.0,,,50.0,46.0,1,8788
MDG,MG,2866.0,0.0,27860.0,behara,12777.0,46.385929,-24.95347,1,,,2015.0,,,50.0,2.0,,,50.0,8,,,50.0,4.0,,,50.0,11.0,1,8825
MDG,MG,2878.0,0.0,27918.0,beharona,12917.0,44.3035453,-21.5232457,1,,,2015.0,,,50.0,0.0,,,50.0,1,,,50.0,0.0,,,50.0,1.0,1,9010
MDG,MG,2870.0,0.0,27884.0,behazomaty,12877.0,46.33348667,-17.37307833,3,,,2015.0,,,50.0,1.0,,,50.0,1,,,50.0,0.0,,,50.0,1.0,1,8893
MDG,MG,2877.0,0.0,27913.0,bejofo,12852.0,44.516667,-16.8,1,,,2015.0,,,50.0,6.0,,,50.0,1,,,50.0,1.0,,,50.0,7.0,1,8986
MDG,MG,2870.0,0.0,27886.0,bekapaika,12989.0,47.615307,-16.714728,3,,,2015.0,,,50.0,6.0,,,50.0,1,,,50.0,2.0,,,50.0,8.0,1,8896
MDG,MG,2871.0,0.0,27889.0,bekobay,12888.0,46.92958833,-15.818495,3,,,2015.0,,,50.0,0.0,,,50.0,0,,,50.0,2.0,,,50.0,2.0,1,8910
MDG,MG,2877.0,0.0,27912.0,bekopaka,12826.0,44.792141,-19.14677,1,,,2015.0,,,50.0,17.0,,,50.0,3,,,50.0,0.0,,,50.0,18.0,1,8982
MDG,MG,2871.0,0.0,27892.0,belafika,104217.0,0.0,,99,,,2015.0,10.0,0.0,50.0,1.0,,,50.0,0,,,50.0,1.0,,,50.0,2.0,1,877
MDG,MG,2877.0,0.0,27911.0,belalanda,12772.0,45.82063,-17.551805,3,,,2015.0,,,50.0,0.0,,,50.0,1,,,50.0,0.0,,,50.0,1.0,1,8975
MDG,MG,2881.0,0.0,27946.0,belanitra,55219.0,46.439899,-19.609699,3,,,1995.0,,,128.0,28.0,,,128.0,68,,,128.0,3.0,,,,,3,9121
MDG,MG,2861.0,0.0,27837.0,belavabary,12938.0,48.02373,-18.82635,3,,,2015.0,,,50.0,7.0,,,50.0,10,,,50.0,20.0,,,50.0,27.0,1,8789
MDG,MG,2871.0,0.0,27888.0,belinta,12883.0,46.33877833,-15.64957667,3,,,2015.0,,,50.0,0.0,,,50.0,1,,,50.0,2.0,,,50.0,3.0,1,8906
MDG,MG,2873.0,0.0,27895.0,bemangaoka,104011.0,0.0,,99,,,2015.0,10.0,0.0,50.0,1.0,,,50.0,5,,,50.0,26.0,,,50.0,27.0,1,821
MDG,MG,2878.0,0.0,27920.0,bemanongo,55232.0,44.349998,-20.2833,3,,,1998.0,,,44.0,1.0,,,44.0,2,,,44.0,4.0,,,,,3,9012
MDG,MG,2878.0,0.0,27916.0,bemarivokely,12838.0,44.54966167,-19.70185833,3,,,2015.0,,,50.0,0.0,,,50.0,0,,,50.0,0.0,,,50.0,0.0,1,8997
MDG,MG,2881.0,0.0,27936.0,bemasoandro,55175.0,47.315231,-19.86834,1,,,1995.0,,,47.0,0.0,,,47.0,42,,,47.0,5.0,,,,,3,9062
MDG,MG,2867.0,0.0,27864.0,bemenara,55155.0,44.516701,-22.016701,3,,,1998.0,,,111.0,3.0,,,111.0,6,,,111.0,16.0,,,,,3,8836
MDG,MG,2880.0,0.0,27931.0,bemenevika,104202.0,0.0,,99,,,2015.0,10.0,0.0,50.0,0.0,,,50.0,0,,,50.0,1.0,,,50.0,1.0,1,874
MDG,MG,2879.0,0.0,27923.0,benavony,12959.0,48.3,-20.466667,1,,,2015.0,,,50.0,0.0,,,50.0,31,,,50.0,28.0,,,50.0,41.0,1,9023
MDG,MG,2867.0,0.0,27865.0,benenitra,104097.0,45.0806619,-23.4541,1,,,2015.0,10.0,0.0,50.0,0.0,,,50.0,0,,,50.0,1.0,,,50.0,1.0,1,848
MDG,MG,2877.0,0.0,27915.0,beravina,12933.0,45.2196725,-18.179487,1,,,2015.0,,,50.0,1.0,,,50.0,3,,,50.0,0.0,,,50.0,3.0,1,8994
MDG,MG,2867.0,0.0,27865.0,berevo,,45.1226702,-23.4248407,3,,sentinel site,2017.0,7.0,10.0,46.0,0.0,0.0,0.0,46.0,0,0.0,0.0,46.0,0.0,0.0,0.0,46.0,0.0,1,26258
MDG,MG,2867.0,0.0,27865.0,berevo bekily,,45.1226702,-23.4248407,3,,sentinel site,2015.0,7.0,10.0,29.0,0.0,0.0,0.0,29.0,0,0.0,0.0,29.0,0.0,0.0,0.0,29.0,0.0,1,26259
MDG,MG,2867.0,0.0,27866.0,beroroha est,104100.0,45.1658261,-21.680817,1,,,2015.0,10.0,0.0,50.0,3.0,,,50.0,35,,,50.0,8.0,,,50.0,37.0,1,850
MDG,MG,2867.0,0.0,27866.0,beroroha ville,104101.0,45.1658261,-21.680817,1,,,2015.0,10.0,0.0,50.0,2.0,,,50.0,36,,,50.0,5.0,,,50.0,37.0,1,851
MDG,MG,2867.0,0.0,27870.0,besakoa,12979.0,43.67485167,-23.35310333,3,,,2015.0,,,50.0,0.0,,,50.0,34,,,50.0,32.0,,,50.0,37.0,1,8851
MDG,MG,2877.0,0.0,27913.0,besalampy,12853.0,44.4865897,-16.7452924,1,,,2015.0,,,50.0,9.0,,,50.0,0,,,50.0,0.0,,,50.0,9.0,1,8983
MDG,MG,2863.0,0.0,27844.0,besorindrana,12802.0,47.907829,-18.049089,1,,,2015.0,,,50.0,1.0,,,50.0,12,,,50.0,2.0,,,50.0,14.0,1,8803
MDG,MG,2880.0,0.0,27931.0,bessika,104203.0,0.0,,99,,,2015.0,10.0,0.0,50.0,15.0,,,50.0,0,,,50.0,0.0,,,50.0,15.0,1,875
MDG,MG,2881.0,0.0,27936.0,betafo ville,12858.0,46.8567756,-19.8381858,1,,,2015.0,,,50.0,0.0,,,50.0,19,,,50.0,9.0,,,50.0,22.0,1,9082
MDG,MG,2867.0,0.0,27871.0,betaola,12984.0,44.274005,-23.13803,3,,,2015.0,,,43.0,0.0,,,43.0,3,,,43.0,4.0,,,43.0,6.0,1,8860
MDG,MG,2870.0,0.0,27884.0,betemboay,12878.0,46.12908,-17.767995,3,,,2015.0,,,50.0,0.0,,,50.0,0,,,50.0,1.0,,,50.0,1.0,1,8890
MDG,MG,2873.0,0.0,27896.0,betsiaka,55142.0,49.2372675,-13.1581959,1,,,1998.0,,,171.0,74.0,,,171.0,15,,,171.0,34.0,,,,,3,8942
MDG,MG,2882.0,0.0,0.0,bevoahazo,,47.483,-21.199,4,,,1990.0,1.0,10.0,60.0,12.0,,,60.0,53,,,60.0,29.0,,,0.0,0.0,3,30586
MDG,MG,2872.0,0.0,27894.0,bezavona,,46.2349334,-19.1399588,3,,sentinel site,2015.0,7.0,10.0,96.0,0.0,0.0,0.0,96.0,5,0.0,0.0,96.0,0.0,0.0,0.0,96.0,5.0,1,26303
MDG,MG,2872.0,0.0,27894.0,bezavona,,46.2349334,-19.1399588,3,,sentinel site,2017.0,7.0,10.0,22.0,0.0,0.0,0.0,22.0,0,0.0,0.0,22.0,0.0,0.0,0.0,22.0,0.0,1,26304
MDG,MG,2863.0,0.0,27844.0,bongatsara,12803.0,46.966667,-19.4833329,1,,,2015.0,,,50.0,0.0,,,50.0,9,,,50.0,0.0,,,50.0,9.0,1,8801
MDG,MG,2872.0,0.0,27894.0,borikely,,45.87275,-18.50861111,3,,mapping,2015.0,10.0,14.0,50.0,0.0,0.0,0.0,50.0,2,0.0,0.0,50.0,0.0,0.0,0.0,50.0,2.0,1,26305
MDG,MG,2877.0,0.0,27911.0,bory,12773.0,45.67645,-17.75023833,3,,,2015.0,,,50.0,0.0,,,50.0,0,,,50.0,0.0,,,50.0,0.0,1,8973
MDG,MG,2873.0,0.0,27895.0,djangoa,104012.0,48.3892554,-13.9123078,2,,,2015.0,10.0,0.0,50.0,5.0,,,50.0,1,,,50.0,0.0,,,50.0,6.0,1,822
MDG,MG,2877.0,0.0,27911.0,doany,12774.0,45.65,-17.633333,1,,,2015.0,,,50.0,0.0,,,50.0,0,,,50.0,0.0,,,50.0,0.0,1,8974
MDG,MG,2873.0,0.0,27899.0,dzamandzar,104196.0,48.19838,-13.35481,1,,,2015.0,11.0,0.0,50.0,0.0,,,50.0,2,,,50.0,17.0,,,50.0,19.0,1,868
MDG,MG,2870.0,0.0,27884.0,ecole 4,104134.0,0.0,,99,,,2015.0,9.0,0.0,50.0,0.0,,,50.0,0,,,50.0,0.0,,,50.0,0.0,1,856
MDG,MG,2867.0,0.0,27865.0,ehara,12843.0,44.8341739,-23.4834377,1,,,2015.0,,,50.0,0.0,,,50.0,0,,,50.0,0.0,,,50.0,0.0,1,8845
MDG,MG,2867.0,0.0,27868.0,epp adabomaliniky,,43.71302778,-22.25258333,3,,mapping,2015.0,10.0,14.0,50.0,0.0,0.0,0.0,50.0,0,0.0,0.0,50.0,0.0,0.0,0.0,50.0,0.0,1,26271
MDG,MG,2869.0,0.0,27879.0,epp ambalamangahazo,12892.0,48.483334,-19.541207,3,,,2015.0,,,50.0,23.0,,,50.0,28,,,50.0,46.0,,,50.0,47.0,1,8868
MDG,MG,2881.0,0.0,27946.0,epp ambatakazo/epp morafeno ouest,12908.0,45.83005833,-19.62417333,3,,,2015.0,,,50.0,2.0,,,50.0,2,,,50.0,0.0,,,50.0,4.0,1,9112
MDG,MG,2873.0,0.0,27899.0,epp ambatozavavy,104197.0,48.3159131,-13.3672288,1,,,2015.0,10.0,0.0,50.0,0.0,,,50.0,4,,,50.0,13.0,,,50.0,13.0,1,869
MDG,MG,2878.0,0.0,27920.0,epp ampihamy,,44.509,-20.50811111,3,,mapping,2015.0,10.0,14.0,50.0,15.0,0.0,0.0,50.0,0,0.0,0.0,50.0,0.0,0.0,0.0,50.0,15.0,1,26331
MDG,MG,2867.0,0.0,27863.0,epp andranomamy,,44.74388889,-24.69380556,3,,mapping,2015.0,7.0,14.0,50.0,0.0,0.0,0.0,50.0,7,0.0,0.0,50.0,0.0,0.0,0.0,50.0,7.0,1,26251
MDG,MG,2867.0,0.0,27868.0,epp ankadatse,,43.72277778,-22.20777778,3,,mapping,2015.0,10.0,14.0,50.0,0.0,0.0,0.0,50.0,0,0.0,0.0,50.0,0.0,0.0,0.0,50.0,0.0,1,26272
MDG,MG,2878.0,0.0,27920.0,epp ankapoakabo,,44.72047222,-20.54186111,3,,mapping,2015.0,10.0,14.0,50.0,0.0,0.0,0.0,50.0,0,0.0,0.0,50.0,0.0,0.0,0.0,50.0,0.0,1,26332
MDG,MG,2878.0,0.0,27920.0,epp ankifiofio,,44.97008333,-20.53233333,3,,mapping,2015.0,10.0,14.0,50.0,7.0,0.0,0.0,50.0,2,0.0,0.0,50.0,0.0,0.0,0.0,50.0,8.0,1,26333
MDG,MG,2867.0,0.0,27869.0,epp ankomaky   ampanihy,,44.54936111,-22.79302778,3,,mapping,2015.0,10.0,14.0,50.0,1.0,0.0,0.0,50.0,0,0.0,0.0,50.0,0.0,0.0,0.0,50.0,1.0,1,26278
MDG,MG,2867.0,0.0,27863.0,epp antanimainty,,44.85972222,-24.69222222,3,,mapping,2015.0,5.0,14.0,50.0,0.0,0.0,0.0,50.0,0,0.0,0.0,50.0,2.0,0.0,0.0,50.0,2.0,1,26252
MDG,MG,2867.0,0.0,27868.0,epp beadabo,,43.55127778,-21.48905556,3,,mapping,2015.0,10.0,14.0,50.0,1.0,0.0,0.0,50.0,0,0.0,0.0,50.0,0.0,0.0,0.0,50.0,1.0,1,26273
MDG,MG,2878.0,0.0,27920.0,epp befasy,,44.60116667,-20.96902778,3,,mapping,2015.0,10.0,14.0,50.0,5.0,0.0,0.0,50.0,2,0.0,0.02,50.0,4.0,0.02,0.02,50.0,7.0,1,26334
MDG,MG,2867.0,0.0,27863.0,epp behavandra,,44.7135,-24.66447222,3,,mapping,2015.0,7.0,14.0,50.0,0.0,0.0,0.0,50.0,0,0.0,0.0,49.0,2.0,0.0,0.0,49.0,2.0,1,26253
MDG,MG,2867.0,0.0,27863.0,epp belaza,,44.75122222,-24.70466667,3,,mapping,2015.0,10.0,14.0,50.0,0.0,0.0,0.0,50.0,3,0.0,0.0,50.0,0.0,0.0,0.0,50.0,3.0,1,26254
MDG,MG,2878.0,0.0,27920.0,epp betesda,,44.68361111,-20.44013889,3,,mapping,2015.0,10.0,14.0,50.0,3.0,0.0,0.0,50.0,0,0.0,0.0,50.0,0.0,0.0,0.0,50.0,3.0,1,26335
MDG,MG,2867.0,0.0,27869.0,epp boka ankilivalo,,44.55936111,-22.868,3,,mapping,2015.0,10.0,14.0,50.0,0.0,0.0,0.0,50.0,1,0.0,0.0,50.0,0.0,0.0,0.0,50.0,1.0,1,26279
MDG,MG,2867.0,0.0,27869.0,epp bokaandravory,,44.59005556,-22.88130556,3,,mapping,2015.0,10.0,14.0,50.0,1.0,0.0,0.0,50.0,0,0.0,0.0,50.0,0.0,0.0,0.0,50.0,1.0,1,26280
MDG,MG,2873.0,0.0,27899.0,epp et ceg bemanondrobe,104198.0,48.3,-13.28333,3,,,2015.0,10.0,0.0,49.0,0.0,,,49.0,0,,,49.0,9.0,,,49.0,9.0,1,870
MDG,MG,2867.0,0.0,27869.0,epp mandarano,,44.55358333,-22.93241667,3,,mapping,2015.0,10.0,14.0,50.0,7.0,0.0,0.0,50.0,2,0.0,0.02,50.0,1.0,0.0,0.0,50.0,9.0,1,26281
MDG,MG,2867.0,0.0,27867.0,epp mihaiky,,44.81291667,-23.54525,3,,mapping,2015.0,8.0,14.0,50.0,0.0,0.0,0.0,50.0,0,0.0,0.0,50.0,0.0,0.0,0.0,50.0,0.0,1,26264
MDG,MG,2867.0,0.0,27867.0,epp morafeno ii,,44.79227778,-23.54780556,3,,mapping,2015.0,8.0,14.0,50.0,0.0,0.0,0.0,50.0,0,0.0,0.0,50.0,2.0,0.0,0.0,50.0,2.0,1,26265
MDG,MG,2873.0,0.0,27899.0,epp nord vigie,104199.0,0.0,,99,,,2015.0,10.0,0.0,50.0,0.0,,,50.0,8,,,50.0,16.0,,,50.0,22.0,1,871
MDG,MG,2867.0,0.0,27863.0,epp reampototse,,44.70294444,-24.74788889,3,,mapping,2015.0,6.0,14.0,40.0,0.0,0.0,0.0,40.0,0,0.0,0.0,40.0,1.0,0.0,0.0,40.0,1.0,1,26255
MDG,MG,2867.0,0.0,27869.0,epp sakaraha   haut,,44.52836111,-22.90652778,3,,mapping,2015.0,10.0,14.0,50.0,0.0,0.0,0.0,50.0,4,0.0,0.04,50.0,2.0,0.0,0.0,50.0,5.0,1,26282
MDG,MG,2867.0,0.0,27867.0,epp sakoapolo,,44.84355556,-23.56111111,3,,mapping,2015.0,7.0,14.0,45.0,0.0,0.0,0.0,45.0,0,0.0,0.0,45.0,1.0,0.0,0.0,45.0,1.0,1,26266
MDG,MG,2867.0,0.0,27867.0,epp savazy   v,,44.79419444,-23.60505556,3,,mapping,2015.0,10.0,14.0,50.0,0.0,0.0,0.0,50.0,0,0.0,0.0,50.0,0.0,0.0,0.0,50.0,0.0,1,26267
MDG,MG,2867.0,0.0,27867.0,epp soaserana,,44.83336111,-23.56041667,3,,mapping,2015.0,8.0,14.0,45.0,0.0,0.0,0.0,45.0,0,0.0,0.0,45.0,0.0,0.0,0.0,45.0,0.0,1,26268
MDG,MG,2867.0,0.0,27868.0,epp tsiahiny,,43.65252778,-21.563,3,,mapping,2015.0,10.0,14.0,49.0,0.0,0.0,0.0,49.0,0,0.0,0.0,49.0,0.0,0.0,0.0,49.0,0.0,1,26274
MDG,MG,2867.0,0.0,27868.0,epp tsilaokarivo,,43.67808333,-22.24597222,3,,mapping,2015.0,10.0,14.0,50.0,0.0,0.0,0.0,50.0,0,0.0,0.0,50.0,0.0,0.0,0.0,50.0,0.0,1,26275
MDG,MG,2867.0,0.0,27863.0,etanjo ambony,,44.6494237,-24.8145498,3,,sentinel site,2015.0,7.0,10.0,57.0,0.0,0.0,0.0,57.0,0,0.0,0.0,57.0,0.0,0.0,0.0,57.0,0.0,1,26257
MDG,MG,2867.0,0.0,27863.0,etanjo ambony,,44.6494237,-24.8145498,3,,sentinel site,2017.0,7.0,10.0,84.0,0.0,0.0,0.0,84.0,0,0.0,0.0,84.0,0.0,0.0,0.0,84.0,0.0,1,26256
MDG,MG,2876.0,0.0,27910.0,faliarivo,,46.74436111,-19.05588889,3,,mapping,2015.0,10.0,14.0,50.0,0.0,0.0,0.0,50.0,8,0.0,0.06,50.0,11.0,0.0,0.02,50.0,18.0,1,26318
MDG,MG,2867.0,0.0,27866.0,fanjakana,12847.0,45.16827833,-21.68197,3,,,2015.0,,,50.0,2.0,,,50.0,29,,,50.0,2.0,,,50.0,30.0,1,8846
MDG,MG,2881.0,0.0,27936.0,feno,55176.0,46.873299,-19.863899,3,,,1995.0,,,93.0,1.0,,,93.0,78,,,93.0,24.0,,,,,3,9058
MDG,MG,2881.0,0.0,27936.0,fenoarivo,55177.0,46.716667,-19.4,1,,,1995.0,,,190.0,8.0,,,190.0,122,,,190.0,6.0,,,,,3,9063
MDG,MG,2872.0,0.0,27893.0,fenoarivobe,12868.0,46.5666667,-18.4499999,3,,,2015.0,,,50.0,0.0,,,50.0,13,,,50.0,1.0,,,50.0,13.0,1,8928
MDG,MG,2872.0,0.0,27894.0,fiadanamanga,55251.0,46.333333,-18.883333,1,,,1996.0,,,176.0,7.0,,,176.0,87,,,176.0,31.0,,,,,3,8933
MDG,MG,2863.0,0.0,27845.0,fiadanana,12811.0,46.882488,-18.226629,1,,,2015.0,,,50.0,1.0,,,50.0,6,,,50.0,3.0,,,50.0,10.0,1,8808
MDG,MG,2863.0,0.0,27845.0,fihaonana,12812.0,47.203621,-18.6052,1,,,2015.0,,,49.0,2.0,,,49.0,12,,,49.0,0.0,,,49.0,13.0,1,8806
MDG,MG,2872.0,0.0,27894.0,fonoraty,55252.0,46.2747,-18.933599,3,,,1996.0,,,255.0,159.0,,,255.0,33,,,255.0,5.0,,,,,3,8930
MDG,MG,2867.0,0.0,27864.0,fotivolo,12807.0,44.5784,-22.46497,1,,,2015.0,,,50.0,7.0,,,0.0,0,,,0.0,0.0,,,50.0,7.0,1,8840
MDG,MG,2864.0,0.0,27854.0,fotsialanana,12966.0,49.48306333,-16.92219833,3,,,2015.0,,,50.0,3.0,,,50.0,30,,,50.0,43.0,,,50.0,47.0,1,8815
MDG,MG,2869.0,0.0,27882.0,hotsika,12977.0,49.425195,-17.63359333,3,,,2015.0,,,50.0,5.0,,,50.0,38,,,50.0,48.0,,,50.0,48.0,1,8884
MDG,MG,2875.0,0.0,27905.0,iakora centre,12870.0,46.650089,-23.107531,1,,,2015.0,,,50.0,2.0,,,50.0,21,,,50.0,25.0,,,50.0,30.0,1,8958
MDG,MG,2876.0,0.0,27908.0,ialaroa,12834.0,47.15425167,-18.98834333,3,,,2015.0,,,50.0,0.0,,,50.0,10,,,50.0,1.0,,,50.0,11.0,1,8960
MDG,MG,2866.0,0.0,27861.0,ianambinda,12861.0,45.56162,-23.31112,3,,,2015.0,,,50.0,2.0,,,50.0,1,,,50.0,1.0,,,50.0,4.0,1,8832
MDG,MG,2881.0,0.0,27936.0,iavokola,55178.0,46.6581,-19.585899,3,,,1995.0,,,103.0,2.0,,,103.0,60,,,103.0,1.0,,,,,3,9066
MDG,MG,2866.0,0.0,27861.0,ii betroka,12862.0,46.099257,-23.2718771,1,,,2015.0,,,50.0,1.0,,,50.0,1,,,50.0,6.0,,,50.0,7.0,1,8830
MDG,MG,2869.0,0.0,27883.0,ilaka est,12995.0,48.8039107,-19.5864739,1,,,2015.0,,,50.0,1.0,,,50.0,30,,,50.0,44.0,,,50.0,49.0,1,8885
MDG,MG,2881.0,0.0,27936.0,ilazana,55179.0,46.634998,-19.825001,3,,,1995.0,,,31.0,1.0,,,31.0,21,,,31.0,1.0,,,,,3,9065
MDG,MG,2872.0,0.0,27894.0,imerimandroso,55253.0,48.5912914,-17.4283445,1,,,1996.0,,,235.0,31.0,,,235.0,62,,,235.0,4.0,,,,,3,8932
MDG,MG,2867.0,0.0,27866.0,ipingo,104103.0,45.25,-21.71667,3,,,2015.0,10.0,0.0,50.0,2.0,,,50.0,48,,,50.0,1.0,,,50.0,48.0,1,852
MDG,MG,2866.0,0.0,27861.0,isoanala,12863.0,45.7165737,-23.833207,1,,,2015.0,,,50.0,0.0,,,50.0,0,,,50.0,1.0,,,50.0,1.0,1,8831
MDG,MG,2866.0,0.0,27861.0,jangany,12864.0,45.783333,-22.85,1,,,2015.0,,,50.0,2.0,,,50.0,7,,,50.0,5.0,,,50.0,13.0,1,8833
MDG,MG,2880.0,0.0,27930.0,kalandy,12912.0,48.720699,-15.74788,1,,,2015.0,,,50.0,0.0,,,50.0,3,,,50.0,0.0,,,50.0,3.0,1,9046
MDG,MG,2871.0,0.0,27890.0,kandrany,,46.58747222,-15.97988889,3,,mapping,2014.0,10.0,14.0,0.0,0.0,0.0,0.0,50.0,0,0.0,0.0,50.0,0.0,0.0,0.0,50.0,0.0,1,26291
MDG,MG,2863.0,0.0,27845.0,kiangara,12813.0,47.026539,-17.97242,1,,,2015.0,,,50.0,0.0,,,50.0,0,,,50.0,0.0,,,50.0,0.0,1,8804
MDG,MG,2882.0,0.0,27938.0,kianjanomby,55200.0,47.816667,-21.7333329,1,,,1990.0,,,62.0,8.0,,,62.0,46,,,62.0,31.0,,,,,3,9095
MDG,MG,2882.0,0.0,0.0,kianjanomby,,47.599,-21.1,4,,,1990.0,1.0,10.0,62.0,8.0,,,62.0,46,,,62.0,31.0,,,0.0,0.0,3,29227
MDG,MG,2864.0,0.0,27853.0,loukintsy,12953.0,49.88452,-16.88514,3,,,2015.0,,,50.0,0.0,,,50.0,23,,,50.0,47.0,,,50.0,48.0,1,8811
MDG,MG,2869.0,0.0,27880.0,mahadio,12922.0,48.102068,-20.15258,3,,,2015.0,,,50.0,8.0,,,50.0,21,,,50.0,23.0,,,50.0,32.0,1,8876
MDG,MG,2873.0,0.0,27895.0,mahatera,104013.0,48.4666667,-13.8166666,3,,,2015.0,10.0,0.0,50.0,5.0,,,50.0,1,,,50.0,0.0,,,50.0,5.0,1,823
MDG,MG,2869.0,0.0,27879.0,mahatsara,12893.0,48.45,-19.583333,1,,,2015.0,,,50.0,22.0,,,50.0,39,,,50.0,49.0,,,50.0,49.0,1,8867
MDG,MG,2879.0,0.0,27922.0,mahatsara,104073.0,18.17818275,,99,,,2015.0,10.0,0.0,50.0,0.0,,,50.0,28,,,50.0,42.0,,,50.0,45.0,1,843
MDG,MG,2881.0,0.0,27946.0,mahatsinjo,55220.0,46.07954,-19.711981,1,,,1995.0,,,222.0,110.0,,,222.0,89,,,222.0,19.0,,,,,3,9106
MDG,MG,2876.0,0.0,27909.0,mahatsinjo,,46.56033333,-18.70447222,4,,mapping,2015.0,10.0,13.0,49.0,0.0,0.0,0.0,49.0,0,0.0,0.0,49.0,0.0,0.0,0.0,49.0,0.0,1,26313
MDG,MG,2867.0,0.0,27870.0,mahavatse,12980.0,43.6771036,-23.3675936,1,,,2015.0,,,50.0,0.0,,,50.0,4,,,50.0,9.0,,,50.0,11.0,1,8856
MDG,MG,2881.0,0.0,27936.0,mahazina,55180.0,46.683333,-19.7,1,,,1995.0,,,139.0,0.0,,,139.0,114,,,139.0,2.0,,,,,3,9064
MDG,MG,2881.0,0.0,27946.0,mahazina,55221.0,46.683333,-19.7,1,,,1995.0,,,57.0,2.0,,,57.0,24,,,57.0,5.0,,,,,3,9119
MDG,MG,2876.0,0.0,27910.0,mahazoarivo,,46.72497222,-19.07930556,3,,mapping,2015.0,8.0,14.0,50.0,1.0,0.0,0.0,50.0,2,0.0,0.0,50.0,0.0,0.0,0.0,50.0,3.0,1,26319
MDG,MG,2869.0,0.0,27883.0,maintinandry,12996.0,48.9316183,-19.4283814,1,,,2015.0,,,50.0,2.0,,,50.0,38,,,50.0,42.0,,,50.0,49.0,1,8888
MDG,MG,2861.0,0.0,27835.0,maitsokely,104050.0,48.18333,-16.4,3,,,2015.0,10.0,0.0,48.0,0.0,,,50.0,0,,,50.0,0.0,,,50.0,0.0,1,838
MDG,MG,2867.0,0.0,27866.0,makaikely,,45.3608552,-21.4760952,3,,sentinel site,2017.0,7.0,10.0,45.0,1.0,0.0,0.0,45.0,0,0.0,0.0,45.0,0.0,0.0,0.0,45.0,1.0,1,26261
MDG,MG,2867.0,0.0,27866.0,makaikely,,45.3608552,-21.4760952,3,,sentinel site,2015.0,7.0,10.0,53.0,0.0,0.0,0.0,53.0,0,0.0,0.0,53.0,0.0,0.0,0.0,53.0,0.0,1,26260
MDG,MG,2880.0,0.0,27929.0,malakialina,104159.0,47.4166667,-16.2833332,3,,,2015.0,10.0,0.0,50.0,0.0,,,50.0,0,,,50.0,0.0,,,50.0,0.0,1,863
MDG,MG,2863.0,0.0,27844.0,manakana,12804.0,47.76971833,-18.09276167,3,,,2015.0,,,50.0,1.0,,,50.0,5,,,50.0,1.0,,,50.0,7.0,1,8799
MDG,MG,2873.0,0.0,27897.0,mananara,55156.0,49.765208,-16.1705547,1,,,1998.0,,,133.0,23.0,,,133.0,2,,,133.0,3.0,,,,,3,8944
MDG,MG,2876.0,0.0,27909.0,manankasina,55231.0,46.940701,-18.9487,3,,,1996.0,,,139.0,4.0,,,139.0,80,,,139.0,9.0,,,,,3,8964
MDG,MG,2864.0,0.0,27854.0,manankatafana,12967.0,49.5209,-17.06768167,3,,,2015.0,,,50.0,15.0,,,50.0,39,,,50.0,45.0,,,50.0,49.0,1,8817
MDG,MG,2864.0,0.0,27854.0,manankinany,12968.0,49.53242,-17.02880667,3,,,2015.0,,,50.0,11.0,,,50.0,31,,,50.0,38.0,,,50.0,45.0,1,8814
MDG,MG,2881.0,0.0,27936.0,manarintsoa,55181.0,46.954399,-19.756001,3,,,1995.0,,,114.0,0.0,,,114.0,82,,,114.0,2.0,,,,,3,9072
MDG,MG,2875.0,0.0,27905.0,mandabe,12871.0,45.146832,-22.53961,1,,,2015.0,,,50.0,0.0,,,50.0,3,,,50.0,1.0,,,50.0,4.0,1,8957
MDG,MG,2871.0,0.0,27887.0,manerinerina,12768.0,47.1532712,-18.0107991,1,,,2015.0,,,50.0,0.0,,,50.0,2,,,50.0,0.0,,,,,1,8903
MDG,MG,,,0.0,mangalahala,,48.433,-17.751,4,,,1982.0,0.0,99.0,265.0,26.0,,,265.0,226,,,265.0,148.0,,,0.0,0.0,3,29503
MDG,MG,2871.0,0.0,27891.0,mangasoavozo,12927.0,45.845545,-16.02537,3,,,2015.0,,,50.0,0.0,,,50.0,0,,,50.0,7.0,,,50.0,7.0,1,8918
MDG,MG,2873.0,0.0,27897.0,mangoaka,55157.0,48.05,-14.85,1,,,1998.0,,,263.0,41.0,,,263.0,8,,,263.0,18.0,,,,,3,8943
MDG,MG,2878.0,0.0,27918.0,manja,104173.0,44.3212902,-21.4315169,1,,,2015.0,6.0,0.0,50.0,0.0,,,50.0,3,,,50.0,0.0,,,50.0,3.0,1,865
MDG,MG,2870.0,0.0,27886.0,manonga,12990.0,47.193903,-16.517008,3,,,2015.0,,,50.0,26.0,,,50.0,0,,,50.0,0.0,,,50.0,26.0,1,8898
MDG,MG,2879.0,0.0,27922.0,marambo,104074.0,50.43302,-15.1836,3,,,2015.0,10.0,0.0,50.0,9.0,,,50.0,39,,,50.0,47.0,,,50.0,48.0,1,844
MDG,MG,2861.0,0.0,27835.0,maroadabo,12796.0,48.24590667,-16.62337333,3,,,2015.0,,,50.0,0.0,,,50.0,0,,,50.0,0.0,,,50.0,0.0,1,8783
MDG,MG,2867.0,0.0,27868.0,maroanaka,,43.6087024,-21.5612821,3,,sentinel site,2015.0,7.0,10.0,83.0,1.0,0.0,0.0,83.0,0,0.0,0.0,83.0,0.0,0.0,0.0,83.0,1.0,1,26276
MDG,MG,2867.0,0.0,27868.0,maroanaka,,43.6087024,-21.5612821,3,,sentinel site,2017.0,7.0,10.0,79.0,0.0,0.0,0.0,79.0,0,0.0,0.0,79.0,0.0,0.0,0.0,79.0,0.0,1,26277
MDG,MG,2871.0,0.0,27892.0,maroboaly,104218.0,46.9405556,-16.3641667,1,,,2015.0,10.0,0.0,50.0,0.0,,,50.0,0,,,50.0,0.0,,,50.0,0.0,1,878
MDG,MG,2881.0,0.0,27936.0,marodita,55182.0,46.830101,-19.7841,3,,,1995.0,,,68.0,1.0,,,68.0,56,,,68.0,5.0,,,,,3,9077
MDG,MG,2876.0,0.0,27910.0,marofotsy,55235.0,46.572399,-19.0413,3,,,1996.0,,,183.0,58.0,,,183.0,60,,,183.0,4.0,,,,,3,8969
MDG,MG,2869.0,0.0,27880.0,marolambo,12923.0,48.13327,-20.05913,1,,,2015.0,,,50.0,20.0,,,50.0,26,,,50.0,26.0,,,50.0,41.0,1,8872
MDG,MG,2869.0,0.0,27880.0,maroleotra,12924.0,48.1333333,-20.0499999,3,,,2015.0,,,50.0,21.0,,,50.0,19,,,50.0,16.0,,,50.0,32.0,1,8873
MDG,MG,2882.0,0.0,27938.0,maromandia,55201.0,47.766667,-21.383333,1,,,1990.0,,,84.0,9.0,,,84.0,62,,,84.0,29.0,,,,,3,9101
MDG,MG,2882.0,0.0,0.0,maromandia,,47.599,-21.133,4,,,1990.0,1.0,10.0,84.0,9.0,,,84.0,62,,,84.0,29.0,,,0.0,0.0,3,30589
MDG,MG,2880.0,0.0,27925.0,maromandia,104043.0,48.0815933,-14.203229,1,,,2015.0,10.0,0.0,50.0,11.0,,,50.0,0,,,50.0,1.0,,,50.0,11.0,1,834
MDG,MG,2864.0,0.0,27855.0,maromitety,13002.0,49.28657,-17.4376,3,,,2015.0,,,50.0,4.0,,,50.0,20,,,50.0,47.0,,,50.0,50.0,1,8823
MDG,MG,2863.0,0.0,27845.0,marondry,12814.0,47.003,-18.434685,3,,,2015.0,,,50.0,2.0,,,50.0,10,,,50.0,0.0,,,50.0,11.0,1,8805
MDG,MG,2871.0,0.0,27890.0,marosakoa,,46.75311111,-16.18258333,3,,mapping,2014.0,10.0,14.0,50.0,7.0,0.0,0.0,50.0,1,0.0,0.0,50.0,1.0,0.0,0.0,50.0,8.0,1,26292
MDG,MG,2881.0,0.0,27946.0,marotaolana ii,55222.0,46.053501,-19.537901,3,,,1995.0,,,70.0,5.0,,,70.0,12,,,70.0,3.0,,,,,3,9120
MDG,MG,2861.0,0.0,27835.0,marovato,12797.0,48.57313,-16.46693,1,,,2015.0,,,44.0,0.0,,,50.0,13,,,48.0,0.0,,,50.0,13.0,1,8784
MDG,MG,2873.0,0.0,27895.0,marovato,104014.0,48.45,-14.02548,1,,,2015.0,10.0,0.0,50.0,8.0,,,50.0,0,,,50.0,0.0,,,50.0,8.0,1,824
MDG,MG,2880.0,0.0,27925.0,marovoataza,104044.0,47.6666667,-15.3833332,3,,,2015.0,8.0,0.0,50.0,0.0,,,50.0,0,,,50.0,0.0,,,50.0,0.0,1,835
MDG,MG,2877.0,0.0,27913.0,marovoay sud,12854.0,44.589163,-16.973148,3,,,2015.0,,,50.0,9.0,,,50.0,1,,,50.0,1.0,,,50.0,9.0,1,8984
MDG,MG,2871.0,0.0,27891.0,matsakabanja,12928.0,45.83543,-15.91646167,3,,,2015.0,,,50.0,0.0,,,50.0,0,,,50.0,0.0,,,50.0,0.0,1,8916
MDG,MG,2872.0,0.0,27894.0,mavoandro est,55254.0,46.257599,-18.6931,3,,,1996.0,,,222.0,149.0,,,222.0,24,,,222.0,3.0,,,,,3,8935
MDG,MG,2882.0,0.0,0.0,menarano,,47.465,-21.282,4,,,1990.0,1.0,10.0,51.0,19.0,,,51.0,44,,,51.0,31.0,,,0.0,0.0,3,29175
MDG,MG,2881.0,0.0,27936.0,miadana bas,55183.0,46.8811,-19.9034,3,,,1995.0,,,28.0,2.0,,,28.0,17,,,28.0,3.0,,,,,3,9093
MDG,MG,2871.0,0.0,27890.0,miadanasoa,,46.76413889,-16.02375,3,,mapping,2014.0,10.0,14.0,50.0,0.0,0.0,0.0,50.0,1,0.0,0.02,50.0,1.0,0.0,0.02,50.0,1.0,1,26293
MDG,MG,2870.0,0.0,27886.0,miadandririnina,12991.0,47.615365,-16.714702,3,,,2015.0,,,50.0,5.0,,,50.0,0,,,50.0,0.0,,,50.0,5.0,1,8894
MDG,MG,2863.0,0.0,27842.0,miadapahonina,12783.0,47.29151167,-18.68686667,3,,,2015.0,,,50.0,0.0,,,50.0,4,,,50.0,5.0,,,50.0,9.0,1,8797
MDG,MG,2872.0,0.0,27893.0,miandrarivo ii,,46.8902675,-18.5708189,3,,sentinel site,2015.0,7.0,10.0,96.0,0.0,0.0,0.0,96.0,2,0.0,0.0104,96.0,1.0,0.0,0.0,96.0,3.0,1,26298
MDG,MG,2872.0,0.0,27893.0,miandrarivo ii,,46.8902675,-18.5708189,3,,sentinel site,2017.0,7.0,10.0,41.0,0.0,0.0,0.0,41.0,22,0.0,0.0,41.0,0.0,0.0,0.0,41.0,22.0,1,26299
MDG,MG,2861.0,0.0,27835.0,miarinarivo,104053.0,48.22086,-16.6015,1,,,2015.0,10.0,0.0,49.0,0.0,,,50.0,1,,,50.0,0.0,,,50.0,1.0,1,839
MDG,MG,2881.0,0.0,27936.0,miarinatsimo,55184.0,46.930599,-19.92,3,,,1995.0,,,59.0,1.0,,,59.0,47,,,59.0,1.0,,,,,3,9084
MDG,MG,2881.0,0.0,27936.0,miaripenoarivo,55185.0,46.736,-19.8999,3,,,1995.0,,,70.0,1.0,,,70.0,59,,,70.0,1.0,,,,,3,9085
MDG,MG,2867.0,0.0,27871.0,milenaka,12985.0,44.08147,-22.658489,1,,,2015.0,,,50.0,0.0,,,50.0,3,,,50.0,0.0,,,50.0,3.0,1,8858
MDG,MG,2867.0,0.0,27869.0,mitia est,,44.2721494,-22.5954584,3,,sentinel site,2015.0,7.0,10.0,42.0,0.0,0.0,0.0,42.0,0,0.0,0.0,42.0,0.0,0.0,0.0,42.0,0.0,1,26284
MDG,MG,2867.0,0.0,27869.0,mitia est,,44.2721494,-22.5954584,3,,sentinel site,2017.0,7.0,10.0,49.0,0.0,0.0,0.0,49.0,0,0.0,0.0,49.0,0.0,0.0,0.0,49.0,0.0,1,26283
MDG,MG,2871.0,0.0,27891.0,mitsinjo,12929.0,45.8540833,-16.0140114,1,,,2015.0,,,50.0,0.0,,,50.0,0,,,50.0,0.0,,,50.0,0.0,1,8917
MDG,MG,2877.0,0.0,27912.0,mokotibe,12827.0,44.4016189,-18.687349,1,,,2015.0,,,50.0,1.0,,,50.0,0,,,50.0,0.0,,,50.0,1.0,1,8979
MDG,MG,,,,monannony,,,,99,,,1990.0,1.0,10.0,111.0,9.0,,,111.0,89,,,111.0,20.0,,,0.0,0.0,3,29136
MDG,MG,2871.0,0.0,27891.0,morafeno,,45.8573729,-15.9349185,3,,sentinel site,2017.0,7.0,10.0,84.0,1.0,0.0,0.0,84.0,2,0.0,0.0238,84.0,6.0,0.0,0.0,84.0,6.0,1,26295
MDG,MG,2871.0,0.0,27891.0,morafeno,,45.8573729,-15.9349185,3,,sentinel site,2015.0,7.0,10.0,96.0,0.0,0.0,0.0,96.0,0,0.0,0.0,96.0,0.0,0.0,0.0,96.0,0.0,1,26294
MDG,MG,,,,morafeno,,,,99,,,1987.0,5.0,18.0,84.0,8.0,,,84.0,4,,,84.0,4.0,,,0.0,0.0,3,29510
MDG,MG,2878.0,0.0,27917.0,morafeno i,,44.64397222,-20.25819444,3,,mapping,2014.0,10.0,14.0,50.0,7.0,0.0,0.0,50.0,0,0.0,0.0,50.0,0.0,0.0,0.0,50.0,7.0,1,26329
MDG,MG,2877.0,0.0,27915.0,morafenobe mahamanina,12934.0,44.91877,-17.818621,1,,,2015.0,,,50.0,0.0,,,50.0,1,,,50.0,1.0,,,50.0,1.0,1,8996
MDG,MG,2861.0,0.0,27837.0,moramanga ambony,12939.0,48.2244268,-18.9489026,1,,,2015.0,,,50.0,4.0,,,50.0,18,,,50.0,26.0,,,50.0,34.0,1,8787
MDG,MG,2878.0,0.0,27919.0,morarano,55226.0,45.007999,-20.51939,1,,,1995.0,,,78.0,19.0,,,78.0,13,,,78.0,17.0,,,,,3,9011
MDG,MG,2863.0,0.0,27842.0,morarano,12784.0,47.45,-19.033333,1,,,2015.0,,,50.0,1.0,,,50.0,7,,,50.0,5.0,,,50.0,11.0,1,8795
MDG,MG,2881.0,0.0,27936.0,morarano ii,55186.0,46.652901,-19.590599,3,,,1995.0,,,116.0,1.0,,,116.0,46,,,116.0,1.0,,,,,3,9054
MDG,MG,2876.0,0.0,27910.0,moratsiazo,,46.74347222,-19.08394444,3,,mapping,2015.0,10.0,14.0,49.0,0.0,0.0,0.0,49.0,12,0.0,0.0,49.0,6.0,0.0,0.0,49.0,16.0,1,26320
MDG,MG,2877.0,0.0,27914.0,nazifiny,104153.0,0.0,,99,,,2015.0,10.0,0.0,50.0,0.0,,,50.0,3,,,50.0,0.0,,,50.0,3.0,1,857
MDG,MG,2869.0,0.0,27883.0,niherenana,12997.0,48.888699,-19.073139,1,,,2015.0,,,50.0,6.0,,,50.0,28,,,50.0,36.0,,,50.0,44.0,1,8889
MDG,MG,2869.0,0.0,27881.0,p/lle 21/54 epp zoto,12970.0,49.38398,-18.15248667,3,,,2015.0,,,50.0,9.0,,,50.0,40,,,50.0,38.0,,,50.0,47.0,1,8878
MDG,MG,2869.0,0.0,27881.0,p/lle 32/12   pointe tanio,12971.0,49.41260667,-18.14546167,3,,,2015.0,,,50.0,2.0,,,50.0,37,,,50.0,27.0,,,50.0,43.0,1,8879
MDG,MG,2869.0,0.0,27881.0,parcelle 14/12   analamboanio,12972.0,49.40347167,-18.11982,3,,,2015.0,,,50.0,1.0,,,50.0,36,,,50.0,48.0,,,50.0,49.0,1,8877
MDG,MG,2869.0,0.0,27881.0,parcelle 23/25 manangareza,12973.0,49.40382667,-18.164965,3,,,2015.0,,,50.0,0.0,,,50.0,38,,,50.0,43.0,,,50.0,46.0,1,8881
MDG,MG,2869.0,0.0,27881.0,plle 21/51   la poudrette,12974.0,49.39075667,-18.15010667,3,,,2015.0,,,50.0,1.0,,,50.0,39,,,50.0,42.0,,,50.0,46.0,1,8880
MDG,MG,2880.0,0.0,27930.0,pont sofia,12913.0,48.61585167,-15.49758,3,,,2015.0,,,50.0,0.0,,,50.0,11,,,50.0,0.0,,,50.0,11.0,1,9047
MDG,MG,2867.0,0.0,27871.0,ranobe,,43.6098524,-23.0129875,3,,sentinel site,2015.0,7.0,10.0,96.0,0.0,0.0,0.0,96.0,1,0.0,0.0104,96.0,3.0,0.0,0.0,96.0,3.0,1,26287
MDG,MG,2867.0,0.0,27871.0,ranobe,,43.6098524,-23.0129875,3,,sentinel site,2017.0,7.0,10.0,66.0,0.0,0.0,0.0,66.0,0,0.0,0.0,66.0,0.0,0.0,0.0,66.0,0.0,1,26288
MDG,MG,2881.0,0.0,27946.0,ranomainty,55223.0,46.573502,-19.5467,3,,,1995.0,,,8.0,0.0,,,8.0,2,,,8.0,0.0,,,,,3,9109
MDG,MG,2875.0,0.0,27905.0,ranotsara,12872.0,46.590439,-22.813881,1,,,2015.0,,,50.0,0.0,,,50.0,9,,,50.0,7.0,,,50.0,12.0,1,8956
MDG,MG,2882.0,0.0,0.0,ranovao,,47.463,-21.313,4,,,1990.0,1.0,10.0,65.0,8.0,,,65.0,55,,,65.0,19.0,,,0.0,0.0,3,30587
MDG,MG,2873.0,0.0,27897.0,sadjaovato city,55158.0,49.348999,-12.616,3,,,1998.0,,,152.0,102.0,,,152.0,31,,,152.0,48.0,,,,,3,8945
MDG,MG,2882.0,0.0,0.0,sahasomangana,,47.533,-21.065,4,,,1990.0,1.0,10.0,92.0,25.0,,,92.0,78,,,92.0,50.0,,,0.0,0.0,3,30588
MDG,MG,2882.0,0.0,0.0,sahavoemba,,47.483,-21.349,4,,,1990.0,1.0,10.0,47.0,12.0,,,47.0,35,,,47.0,21.0,,,0.0,0.0,3,30591
MDG,MG,2874.0,0.0,27900.0,sahavondronana,,47.307999,-21.252001,3,,,1990.0,1.0,10.0,58.0,2.0,,,58.0,47,,,58.0,39.0,,,0.0,0.0,3,30594
MDG,MG,2867.0,0.0,27870.0,sakabera,12981.0,44.3992892,-23.1485269,2,,,2015.0,,,50.0,0.0,,,50.0,1,,,50.0,0.0,,,50.0,1.0,1,8854
MDG,MG,2872.0,0.0,27894.0,sarotravoaka,,46.02322222,-19.0255,3,,mapping,2015.0,10.0,15.0,50.0,0.0,0.0,0.0,50.0,1,0.0,0.0,50.0,0.0,0.0,0.0,50.0,1.0,1,26306
MDG,MG,2881.0,0.0,27936.0,soafierenana,55187.0,46.671299,-19.615,3,,,1995.0,,,22.0,0.0,,,22.0,15,,,22.0,0.0,,,,,3,9087
MDG,MG,2881.0,0.0,27936.0,soafierenana i,55188.0,46.717899,-19.906799,3,,,1995.0,,,51.0,0.0,,,51.0,27,,,51.0,2.0,,,,,3,9089
MDG,MG,2867.0,0.0,27871.0,soahazo,12986.0,43.67775,-22.464121,1,,,2015.0,,,50.0,0.0,,,50.0,0,,,50.0,0.0,,,50.0,0.0,1,8857
MDG,MG,2876.0,0.0,27910.0,soanafindra,55236.0,46.681,-19.0448,3,,,1996.0,,,153.0,7.0,,,153.0,102,,,153.0,15.0,,,,,3,8972
MDG,MG,2867.0,0.0,27867.0,soaserana,,44.8267214,-23.5610273,3,,sentinel site,2015.0,7.0,10.0,96.0,0.0,0.0,0.0,96.0,2,0.0,0.0,96.0,3.0,0.0,0.0,96.0,3.0,1,26269
MDG,MG,2867.0,0.0,27867.0,soaserana,,44.8267214,-23.5610273,3,,sentinel site,2017.0,7.0,10.0,51.0,0.0,0.0,0.0,51.0,0,0.0,0.0,51.0,2.0,0.0,0.0,51.0,2.0,1,26270
MDG,MG,2878.0,0.0,27917.0,soaserana,55210.0,45.033333,-20.666667,1,,,1998.0,,,58.0,14.0,,,58.0,1,,,58.0,5.0,,,,,3,9005
MDG,MG,2878.0,0.0,27918.0,soaserana,104174.0,45.033333,-20.666667,1,,,2015.0,6.0,0.0,50.0,0.0,,,50.0,0,,,50.0,0.0,,,50.0,0.0,1,866
MDG,MG,2877.0,0.0,27912.0,soatana,12828.0,44.48823667,-19.083625,3,,,2015.0,,,50.0,11.0,,,50.0,1,,,50.0,0.0,,,50.0,12.0,1,8981
MDG,MG,,,,soatanana,,,,99,,,1981.0,0.0,99.0,1086.0,46.0,,,1086.0,160,,,1086.0,36.0,,,0.0,0.0,3,29184
MDG,MG,2875.0,0.0,27905.0,tainakanga,12873.0,46.624433,-22.93804,3,,,2015.0,,,50.0,0.0,,,50.0,6,,,50.0,5.0,,,50.0,10.0,1,8955
MDG,MG,2881.0,0.0,27936.0,tanamalaza,55189.0,46.923801,-19.8421,3,,,1995.0,,,71.0,1.0,,,71.0,52,,,71.0,9.0,,,,,3,9074
MDG,MG,2867.0,0.0,27864.0,tanambao,12808.0,44.553655,-22.285035,3,,,2015.0,,,50.0,4.0,,,0.0,0,,,1.0,0.0,,,50.0,4.0,1,8841
MDG,MG,2864.0,0.0,27854.0,tanambao fotsialanana,12969.0,49.48314167,-16.92226333,3,,,2015.0,,,50.0,2.0,,,50.0,25,,,50.0,36.0,,,50.0,44.0,1,8816
MDG,MG,2869.0,0.0,27879.0,tanamborozano,12894.0,48.482869,-19.534471,3,,,2015.0,,,50.0,22.0,,,50.0,31,,,50.0,44.0,,,50.0,46.0,1,8871
MDG,MG,2861.0,0.0,27835.0,tananafololahy,104054.0,0.0,,99,,,2015.0,10.0,0.0,48.0,0.0,,,50.0,2,,,50.0,0.0,,,50.0,2.0,1,840
MDG,MG,2867.0,0.0,27866.0,tanandava,104104.0,45.16667,-24.316667,1,,,2015.0,10.0,0.0,50.0,0.0,,,50.0,30,,,50.0,1.0,,,50.0,30.0,1,853
MDG,MG,2866.0,0.0,27860.0,tanandava,12778.0,45.72397,-22.94708288,3,,,2015.0,,,50.0,2.0,,,50.0,3,,,50.0,3.0,,,50.0,6.0,1,8829
MDG,MG,2878.0,0.0,27917.0,tanandava,55211.0,44.570099,-20.821939,1,,,1998.0,,,42.0,1.0,,,42.0,0,,,42.0,1.0,,,,,3,9004
MDG,MG,2875.0,0.0,27905.0,tanandrefa,12874.0,46.601688,-22.891818,3,,,2015.0,,,50.0,0.0,,,50.0,21,,,50.0,21.0,,,50.0,33.0,1,8954
MDG,MG,2867.0,0.0,27865.0,tanapiso,104099.0,0.0,,99,,,2015.0,10.0,0.0,50.0,0.0,,,50.0,0,,,50.0,0.0,,,50.0,0.0,1,849
MDG,MG,2867.0,0.0,27864.0,tandrano,12809.0,44.63942,-22.09008,1,,,2015.0,,,50.0,5.0,,,7.0,0,,,0.0,0.0,,,50.0,5.0,1,8839
MDG,MG,2867.0,0.0,27870.0,toliara city (betania district),55247.0,43.6830966,-23.3405816,1,,,1998.0,,,626.0,12.0,,,626.0,176,,,626.0,243.0,,,,,3,8853
MDG,MG,2881.0,0.0,27936.0,tombaboanjo,55190.0,46.8937,-19.910601,3,,,1995.0,,,164.0,3.0,,,164.0,120,,,164.0,15.0,,,,,3,9060
MDG,MG,2881.0,0.0,27936.0,tongafeno,55191.0,46.9212,-19.845699,3,,,1995.0,,,2.0,0.0,,,2.0,2,,,2.0,0.0,,,,,3,9070
MDG,MG,2882.0,0.0,0.0,torotosy,,47.498,-21.225,4,,,1990.0,1.0,10.0,80.0,17.0,,,80.0,68,,,80.0,25.0,,,0.0,0.0,3,30590
MDG,MG,2877.0,0.0,27912.0,trangahy,12829.0,44.5517619,-19.12779,1,,,2015.0,,,50.0,7.0,,,50.0,1,,,50.0,0.0,,,50.0,7.0,1,8980
MDG,MG,2881.0,0.0,27936.0,tritriva,12859.0,46.925945,-19.920127,3,,,2015.0,,,50.0,0.0,,,50.0,14,,,50.0,3.0,,,50.0,14.0,1,9081
MDG,MG,2879.0,0.0,27921.0,tsarabanja,12794.0,49.6064,-14.67064667,3,,,2015.0,,,50.0,7.0,,,50.0,40,,,50.0,46.0,,,50.0,48.0,1,9015
MDG,MG,2881.0,0.0,27936.0,tsarahafatra,55192.0,46.873299,-19.846701,3,,,1995.0,,,7.0,0.0,,,7.0,5,,,7.0,2.0,,,,,3,9061
MDG,MG,2876.0,0.0,27910.0,tsarahonenana,55237.0,46.6339,-19.1222,3,,,1996.0,,,233.0,11.0,,,233.0,86,,,233.0,7.0,,,,,3,8970
MDG,MG,2881.0,0.0,27946.0,tsaramasoandro,12909.0,46.417695,-19.52479667,3,,,2015.0,,,50.0,1.0,,,50.0,0,,,50.0,0.0,,,50.0,1.0,1,9111
MDG,MG,2871.0,0.0,27888.0,tsararano ambony,12884.0,46.3312878,-15.7030534,1,,,2015.0,,,50.0,0.0,,,50.0,1,,,50.0,3.0,,,50.0,4.0,1,8909
MDG,MG,2872.0,0.0,27893.0,tsaratanana,104124.0,46.316667,-18.066667,1,,,2015.0,10.0,0.0,50.0,13.0,,,50.0,1,,,50.0,1.0,,,50.0,15.0,1,855
MDG,MG,2881.0,0.0,27936.0,tsaratanana,55193.0,47.6479775,-16.7918481,1,,,1995.0,,,118.0,1.0,,,118.0,79,,,118.0,5.0,,,,,3,9073
MDG,MG,2870.0,0.0,27886.0,tsaratanana,12992.0,47.6479775,-16.7918481,1,,,2015.0,,,50.0,11.0,,,50.0,2,,,50.0,0.0,,,50.0,13.0,1,8895
MDG,MG,2877.0,0.0,27914.0,tsaratanana,104154.0,47.6479775,-16.7918481,1,,,2015.0,10.0,0.0,50.0,1.0,,,50.0,0,,,50.0,1.0,,,50.0,2.0,1,858
MDG,MG,2880.0,0.0,27930.0,tsaratanana,12914.0,47.15,-15.8593096,1,,,2015.0,,,50.0,0.0,,,50.0,4,,,50.0,0.0,,,50.0,4.0,1,9045
MDG,MG,2880.0,0.0,27931.0,tsaratanana i,12949.0,47.6479775,-16.7918481,1,,,2015.0,,,50.0,0.0,,,50.0,0,,,50.0,0.0,,,50.0,0.0,1,9051
MDG,MG,2880.0,0.0,27931.0,tsaratanana ii,,47.7690497,-15.8489579,3,,sentinel site,2015.0,7.0,10.0,95.0,0.0,0.0,0.0,95.0,0,0.0,0.0,95.0,0.0,0.0,0.0,95.0,0.0,1,26351
MDG,MG,2880.0,0.0,27931.0,tsaratanana ii,,47.7690497,-15.8489579,3,,sentinel site,2017.0,7.0,10.0,83.0,0.0,0.0,0.0,83.0,0,0.0,0.0,83.0,0.0,0.0,0.0,83.0,0.0,1,26353
MDG,MG,2881.0,0.0,27936.0,tsarazafy ii,55194.0,46.9632,-19.725201,3,,,1995.0,,,26.0,0.0,,,26.0,21,,,26.0,0.0,,,,,3,9075
MDG,MG,2881.0,0.0,27936.0,tsarazaza,55195.0,46.761169,-19.66713,1,,,1995.0,,,54.0,0.0,,,54.0,40,,,54.0,1.0,,,,,3,9067
MDG,MG,2878.0,0.0,27917.0,tsiandevegna,,44.99275,-20.48380556,3,,mapping,2014.0,10.0,14.0,50.0,1.0,0.0,0.0,50.0,0,0.0,0.0,50.0,0.0,0.0,0.0,50.0,1.0,1,26330
MDG,MG,2867.0,0.0,27871.0,tsianisiha,12987.0,43.58461833,-22.899875,3,,,2015.0,,,50.0,0.0,,,50.0,0,,,50.0,0.0,,,50.0,0.0,1,8861
MDG,MG,2871.0,0.0,27889.0,tsilakanina,12889.0,46.86140167,-15.86498167,3,,,2015.0,,,50.0,0.0,,,50.0,0,,,50.0,0.0,,,50.0,0.0,1,8913
MDG,MG,2878.0,0.0,27916.0,tsimafana,12839.0,44.58375167,-19.72197667,3,,,2015.0,,,50.0,0.0,,,50.0,0,,,50.0,0.0,,,50.0,0.0,1,9001
MDG,MG,2881.0,0.0,27946.0,tsinjoarivo,55224.0,47.680641,-19.636681,1,,,1995.0,,,115.0,3.0,,,115.0,24,,,115.0,2.0,,,,,3,9114
MDG,MG,2871.0,0.0,27887.0,tsinjorano ii,12764.0,46.954182,-15.31049,1,,,2015.0,,,50.0,0.0,,,50.0,1,,,50.0,0.0,,,50.0,1.0,1,8902
MDG,MG,2867.0,0.0,27870.0,tsongobory,12982.0,44.322473,-23.5303938,1,,,2015.0,,,50.0,0.0,,,50.0,19,,,50.0,17.0,,,50.0,23.0,1,8855
MDG,MG,2866.0,0.0,27860.0,vahavola,12779.0,46.3166667,-25.1499999,3,,,2015.0,,,50.0,2.0,,,50.0,7,,,50.0,5.0,,,50.0,11.0,1,8826
MDG,MG,2871.0,0.0,27892.0,vilanandro,104219.0,45.4333307,-16.4944798,1,,,2015.0,10.0,0.0,50.0,2.0,,,50.0,0,,,50.0,1.0,,,50.0,3.0,1,879
MDG,MG,2864.0,0.0,27853.0,vohilava,12954.0,49.82243,-17.07218,1,,,2015.0,,,50.0,7.0,,,50.0,23,,,50.0,49.0,,,50.0,50.0,1,8810
MDG,MG,,,0.0,vohimena,,48.6333,-17.3333,4,,,1982.0,0.0,99.0,22.0,2.0,,,22.0,15,,,22.0,7.0,,,0.0,0.0,3,29505
MDG,MG,2874.0,0.0,27900.0,vohiparara,,47.341999,-21.211,3,,,1990.0,1.0,10.0,49.0,3.0,,,49.0,35,,,49.0,28.0,,,0.0,0.0,3,30592
MDG,MG,,,0.0,vohitsara,,48.496,-17.406,4,,,1982.0,0.0,99.0,179.0,1.0,,,179.0,132,,,179.0,42.0,,,0.0,0.0,3,29498
